# EMSIM OUTPUT FILE 
# PARAMETERS OF SIMULATION RUN 
# ---------------------------- 
# Mode               : 1 
# Magnetic field?      true
# Failing field?       false
# Point charge?        false
# Electric field?      true
# Magnetic strength  : 1.0E-7T 
# Electric strength  : 1.0E-7NC^-1 
# Phase              : 1.5707963267948966
# Algorithm          : 4
# Time-step          : 1.0E-5s 
# Number of Turns    : 10.0
# Number of particles: 1
# Spread in x        : 0.0m 
# Spread in y        : 0.0m 
# Spread in z        : 0.0m 
# Intial average v   : 0.1ms^-1 
# Intial v_sigma     : 0.0ms^-1 
# ----------------------------- 
Time 	 KE 	 PE 	 E 	 L 
0.0	8.363109500000002E-30	8.363109500000003E-30	1.6726219000000003E-29	1.746164552294872E-30
0.00999999999999976	1.6715378481428353E-29	1.184196771408815E-29	2.85573461955165E-29	2.472528220724726E-30
0.019999999999999355	1.6715378481426282E-29	1.1906226731227045E-29	2.862160521265333E-29	2.4859450984893E-30
0.029999999999998948	1.6715378481423972E-29	1.2014577932285713E-29	2.8729956413709687E-29	2.5085681463505317E-30
0.040000000000001576	1.6715378481421697E-29	1.2166027911083524E-29	2.8881406392505223E-29	2.540189947359181E-30
0.05000000000000464	1.6715378481419328E-29	1.2359188114992278E-29	2.907456659641161E-29	2.5805205804782997E-30
0.0600000000000077	1.6715378481417737E-29	1.2592287575729927E-29	2.9307666057147667E-29	2.629190278692718E-30
0.07000000000000556	1.6715378481416162E-29	1.2863189146289512E-29	2.9578567627705674E-29	2.685752819177469E-30
0.08000000000000168	1.6715378481414612E-29	1.3169409095139672E-29	2.988478757655428E-29	2.7496896144433558E-30
0.0899999999999978	1.671537848141304E-29	1.3508139878046003E-29	3.022351835945904E-29	2.820414466949727E-30
0.09999999999999393	1.6715378481411445E-29	1.38762758787344E-29	3.0591654360145846E-29	2.897278943592736E-30
0.10999999999999005	1.6715378481409934E-29	1.4270441882395758E-29	3.0985820363805695E-29	2.9795783207936673E-30
0.11999999999998617	1.6715378481407964E-29	1.468702402097473E-29	3.1402402502382693E-29	3.0665580456801815E-30
0.12999999999998924	1.6715378481405713E-29	1.5122202906525682E-29	3.1837581387931395E-29	3.157420654122204E-30
0.13999999999999924	1.671537848140339E-29	1.5571988648854918E-29	3.228736713025831E-29	3.251333082194914E-30
0.15000000000000924	1.6715378481401086E-29	1.603225743639382E-29	3.2747635917794907E-29	3.3474343040344904E-30
0.16000000000001924	1.6715378481398928E-29	1.6498789344916103E-29	3.321416782631503E-29	3.4448432260599745E-30
0.17000000000002924	1.6715378481396782E-29	1.696730702745298E-29	3.368268550884976E-29	3.5426667651836976E-30
0.18000000000003924	1.6715378481394537E-29	1.7433514930683044E-29	3.414889341207758E-29	3.640008036946319E-30
0.19000000000004924	1.6715378481392365E-29	1.7893138678245036E-29	3.4608517159637403E-29	3.735974578504297E-30
0.20000000000005924	1.6715378481390027E-29	1.8341964259891067E-29	3.5057342741281094E-29	3.829686531078089E-30
0.21000000000006924	1.6715378481387757E-29	1.8775876667181408E-29	3.549125514856916E-29	3.9202847068417E-30
0.22000000000007924	1.6715378481385893E-29	1.9190897621490151E-29	3.590627610287604E-29	4.006938466292479E-30
0.23000000000008924	1.6715378481384344E-29	1.9583222048419752E-29	3.629860052980409E-29	4.0888533338789744E-30
0.24000000000009925	1.6715378481382855E-29	1.994925296421066E-29	3.6664631445593516E-29	4.165278282063393E-30
0.25000000000010925	1.6715378481381286E-29	2.0285634454294864E-29	3.700101293567615E-29	4.235512617035709E-30
0.26000000000011925	1.6715378481379736E-29	2.058928244163402E-29	3.7304660923013757E-29	4.2989124029487506E-30
0.27000000000012925	1.6715378481378195E-29	2.0857412962742155E-29	3.757279144412035E-29	4.354896365773507E-30
0.28000000000013925	1.6715378481376381E-29	2.1087567692153016E-29	3.7802946173529395E-29	4.4029512226470506E-30
0.29000000000014925	1.671537848137425E-29	2.1277636481308144E-29	3.7993014962682393E-29	4.4426363878502905E-30
0.30000000000015925	1.6715378481372012E-29	2.142587670522462E-29	3.814125518659663E-29	4.4735880122702755E-30
0.31000000000016925	1.671537848136992E-29	2.1530929239562488E-29	3.8246307720932404E-29	4.495522319311158E-30
0.32000000000017925	1.6715378481367744E-29	2.15918309216071E-29	3.8307209402974843E-29	4.508238206668778E-30
0.33000000000018925	3.0233827600809827E-29	2.9060151685933457E-29	5.929397928674328E-29	6.0675765106613796E-30
0.34000000000019925	3.344588959272896E-29	3.0582101310425616E-29	6.402799090315458E-29	6.385349999656914E-30
0.35000000000020925	3.344588959272562E-29	3.0625766638832395E-29	6.407165623155801E-29	6.394467045012859E-30
0.36000000000021926	3.344588959272258E-29	3.069528795748765E-29	6.414117755021023E-29	6.408982658166628E-30
0.37000000000022926	3.344588959271969E-29	3.0790027867756574E-29	6.423591746047627E-29	6.42876375430069E-30
0.38000000000023926	3.34458895927162E-29	3.0909117757094543E-29	6.435500734981075E-29	6.453628972590451E-30
0.39000000000024926	3.344588959271258E-29	3.105146576282804E-29	6.449735535554063E-29	6.483350338991513E-30
0.40000000000025926	3.3445889592709064E-29	3.1215766782777083E-29	6.466165637548615E-29	6.517655356394539E-30
0.41000000000026926	3.344588959270474E-29	3.140051444094239E-29	6.484640403364713E-29	6.55622950298532E-30
0.42000000000027926	3.3445889592700286E-29	3.1604014898551185E-29	6.504990449125148E-29	6.598719115904087E-30
0.43000000000028926	3.3445889592696845E-29	3.1824402383831737E-29	6.527029197652858E-29	6.644734633764555E-30
0.44000000000029926	3.344588959269358E-29	3.2059656298139517E-29	6.550554589083309E-29	6.69385416830525E-30
0.45000000000030926	3.344588959269026E-29	3.23076197415951E-29	6.575350933428536E-29	6.745627372425932E-30
0.46000000000031926	3.3445889592686755E-29	3.256601928838573E-29	6.601190888107249E-29	6.799579569145928E-30
0.47000000000032927	3.344588959268345E-29	3.2832485830423036E-29	6.627837542310648E-29	6.855216103628482E-30
0.48000000000033927	3.34458895926802E-29	3.310457629825099E-29	6.655046589093118E-29	6.912026878369443E-30
0.49000000000034927	3.3445889592676946E-29	3.337979606006303E-29	6.682568565273998E-29	6.969491029970857E-30
0.5000000000003593	3.344588959267386E-29	3.365562179346165E-29	6.710151138613551E-29	7.02708170462021E-30
0.5100000000003138	3.344588959267056E-29	3.392952462026503E-29	6.737541421293559E-29	7.08427088849224E-30
0.5200000000002682	3.344588959266706E-29	3.4198993292250424E-29	6.764488288491749E-29	7.140534248786025E-30
0.5300000000002227	3.344588959266358E-29	3.446155721526116E-29	6.790744680792474E-29	7.195355941013397E-30
0.5400000000001772	3.344588959265987E-29	3.4714809100578756E-29	6.816069869323862E-29	7.248233338462688E-30
0.5500000000001317	3.3445889592655944E-29	3.495642703588731E-29	6.840231662854326E-29	7.298681640476966E-30
0.5600000000000862	3.344588959265249E-29	3.518419577347488E-29	6.863008536612737E-29	7.34623831729632E-30
0.5700000000000407	3.344588959264848E-29	3.539602704048874E-29	6.884191663313722E-29	7.390467350711141E-30
0.5799999999999952	3.344588959264414E-29	3.5589978685039574E-29	6.903586827768371E-29	7.430963231648006E-30
0.5899999999999497	3.34458895926404E-29	3.57642724826076E-29	6.9210162075248E-29	7.467354678035041E-30
0.5999999999999042	3.3445889592636824E-29	3.5917310439501034E-29	6.936320003213786E-29	7.49930803886129E-30
0.6099999999998587	3.3445889592633377E-29	3.604768944388765E-29	6.949357903652102E-29	7.526530353219771E-30
0.6199999999998131	3.344588959262987E-29	3.61542141300723E-29	6.960010372270217E-29	7.548772036287532E-30
0.6299999999997676	3.344588959262701E-29	3.6235907838077125E-29	6.968179743070413E-29	7.56582916761692E-30
0.6399999999997221	3.344588959262407E-29	3.6292021568041386E-29	6.973791116066546E-29	7.577545360757838E-30
0.6499999999996766	3.344588959262093E-29	3.632204084734606E-29	6.9767930439967E-29	7.583813197070068E-30
0.6562499999996482	4.183253391984475E-29	4.0627069917494404E-29	8.245960383733915E-29	8.482676133026123E-30
0.6599999999996311	5.017060799891299E-29	4.449528476284027E-29	9.466589276175327E-29	9.290335012011715E-30
0.6699999999995856	5.017060799890918E-29	4.4540298158424835E-29	9.471090615733402E-29	9.299733525297735E-30
0.6799999999995401	5.0170607998905286E-29	4.4636932436638815E-29	9.48075404355441E-29	9.319910153518834E-30
0.6899999999994946	5.017060799890109E-29	4.478430161663173E-29	9.495490961553282E-29	9.350679909457627E-30
0.6999999999994491	5.01706079988966E-29	4.4981054560134295E-29	9.515166255903089E-29	9.391760683959486E-30
0.7099999999994036	5.017060799889202E-29	4.5225387359223046E-29	9.539599535811506E-29	9.442775832419728E-30
0.719999999999358	5.017060799888709E-29	4.5515059875252606E-29	9.56856678741397E-29	9.503257628008425E-30
0.7299999999993125	5.0170607998881884E-29	4.584741627732344E-29	9.601802427620533E-29	9.572651549973019E-30
0.739999999999267	5.0170607998876425E-29	4.621940939197707E-29	9.63900173908535E-29	9.650321367701212E-30
0.7499999999992215	5.017060799887117E-29	4.662762864087582E-29	9.679823663974699E-29	9.735554973932416E-30
0.759999999999176	5.017060799886628E-29	4.706833131031669E-29	9.723893930918297E-29	9.827570913635151E-30
0.7699999999991305	5.017060799886143E-29	4.7537476865895045E-29	9.770808486475647E-29	9.925525548692555E-30
0.779999999999085	5.0170607998857283E-29	4.803076399770454E-29	9.820137199656182E-29	1.0028520792706633E-29
0.7899999999990395	5.017060799885291E-29	4.854367005642631E-29	9.871427805527922E-29	1.0135612345005121E-29
0.799999999998994	5.0170607998849284E-29	4.907149251874917E-29	9.924210051759846E-29	1.0245818348359873E-29
0.8099999999989485	5.01706079988456E-29	4.960939210193986E-29	9.978000010078546E-29	1.0358128391037393E-29
0.8199999999989029	5.017060799884153E-29	5.0152437132281154E-29	1.0032304513112269E-28	1.047151277064905E-29
0.8299999999988574	5.0170607998837513E-29	5.069564876058387E-29	1.0086625675942139E-28	1.0584931934865015E-29
0.8399999999988119	5.0170607998833937E-29	5.123404661022409E-29	1.0140465460905803E-28	1.0697346012436704E-29
0.8499999999987664	5.017060799883007E-29	5.176269443918228E-29	1.0193330243801236E-28	1.0807724347142762E-29
0.8599999999987209	5.0170607998825995E-29	5.227674539744145E-29	1.0244735339626744E-28	1.0915054947248546E-29
0.8699999999986754	5.0170607998821757E-29	5.27714864648039E-29	1.0294209446362565E-28	1.1018353763842163E-29
0.8799999999986299	5.017060799881705E-29	5.324238166170136E-29	1.0341298966051841E-28	1.1116673712979293E-29
0.8899999999985844	5.017060799881167E-29	5.368511363683096E-29	1.0385572163564264E-28	1.1209113358919456E-29
0.8999999999985389	5.017060799880635E-29	5.409562325032078E-29	1.0426623124912713E-28	1.1294825178841482E-29
0.9099999999984933	5.0170607998801085E-29	5.447014678950807E-29	1.0464075478830915E-28	1.1373023333263454E-29
0.9199999999984478	5.017060799879591E-29	5.480525047613443E-29	1.0497585847493034E-28	1.1442990870927558E-29
0.9299999999984023	5.0170607998790805E-29	5.509786194856315E-29	1.0526846994735396E-28	1.150408630208864E-29
0.9399999999983568	5.017060799878666E-29	5.534529843039288E-29	1.0551590642917953E-28	1.1555749479943199E-29
0.9499999999983113	5.01706079987819E-29	5.554529132720083E-29	1.0571589932598273E-28	1.1597506736274328E-29
0.9599999999982658	5.017060799877796E-29	5.569600702590566E-29	1.0586661502468361E-28	1.1628975224227611E-29
0.9699999999982203	5.017060799877443E-29	5.579606370604527E-29	1.059666717048197E-28	1.1649866428399946E-29
0.9799999999981748	5.0170607998770744E-29	5.584454400885018E-29	1.0601515200762093E-28	1.1659988810062227E-29
0.9899999999981293	6.689645276954347E-29	6.449352184177715E-29	1.3138997461132063E-28	1.3465840868491116E-29
0.9999999999980838	6.689645276953369E-29	6.451714821460196E-29	1.3141360098413564E-28	1.3470773906223788E-29
1.0099999999981493	6.68964527695251E-29	6.456258898245233E-29	1.3145904175197743E-28	1.348026165214525E-29
1.0199999999982148	6.689645276951587E-29	6.462942752659838E-29	1.3152588029611426E-28	1.3494217118890587E-29
1.0299999999982803	6.689645276950651E-29	6.471705104513183E-29	1.3161350381463835E-28	1.351251235728373E-29
1.0399999999983458	6.68964527694991E-29	6.482465617137121E-29	1.3172110894087032E-28	1.353497962942508E-29
1.0499999999984113	6.689645276949312E-29	6.495125633944114E-29	1.3184770910893426E-28	1.3561412946578023E-29
1.0599999999984768	6.689645276948692E-29	6.509569082949435E-29	1.3199214359898127E-28	1.359156995775427E-29
1.0699999999985423	6.689645276948088E-29	6.525663540964906E-29	1.3215308817912994E-28	1.362517417168333E-29
1.0799999999986079	6.689645276947434E-29	6.543261447705753E-29	1.3232906724653187E-28	1.3661917491791068E-29
1.0899999999986734	6.689645276946828E-29	6.56220145868152E-29	1.3251846735628348E-28	1.3701463040950695E-29
1.0999999999987389	6.689645276946137E-29	6.582309924465263E-29	1.32719552014114E-28	1.3743448250103594E-29
1.1099999999988044	6.689645276945212E-29	6.603402482779446E-29	1.3293047759724657E-28	1.3787488182434312E-29
1.11999999999887	6.689645276944353E-29	6.625285748801647E-29	1.3314931025746E-28	1.3833179062622363E-29
1.1299999999989354	6.689645276943485E-29	6.647759088191738E-29	1.3337404365135223E-28	1.3880101978811216E-29
1.139999999999001	6.689645276942597E-29	6.670616456586305E-29	1.3360261733528903E-28	1.3927826723356695E-29
1.1499999999990664	6.689645276941693E-29	6.693648288693793E-29	1.3383293565635486E-28	1.3975915737138596E-29
1.159999999999132	6.689645276940822E-29	6.71664341967112E-29	1.340628869661194E-28	1.4023928121273928E-29
1.1699999999991975	6.689645276939984E-29	6.73939102116553E-29	1.3429036298105514E-28	1.4071423679450305E-29
1.179999999999263	6.689645276939064E-29	6.761682534271336E-29	1.3451327811210402E-28	1.4117966953817783E-29
1.1899999999993285	6.689645276938111E-29	6.783313581679558E-29	1.3472958858617669E-28	1.4163131217436774E-29
1.199999999999394	6.689645276937177E-29	6.804085841489033E-29	1.349373111842621E-28	1.420650238667755E-29
1.2099999999994595	6.689645276936583E-29	6.823808865499261E-29	1.3513454142435844E-28	1.4247682817701108E-29
1.219999999999525	6.689645276935987E-29	6.842301825313473E-29	1.353194710224946E-28	1.428629495221231E-29
1.2299999999995905	6.689645276935381E-29	6.859395170244689E-29	1.354904044718007E-28	1.4321984779063241E-29
1.239999999999656	6.689645276934751E-29	6.874932181822431E-29	1.3564577458757182E-28	1.4354425079965254E-29
1.2499999999997216	6.689645276934115E-29	6.888770410649015E-29	1.357841568758313E-28	1.4383318429554336E-29
1.259999999999787	6.689645276933545E-29	6.900782982431303E-29	1.359042825936485E-28	1.440839992230309E-29
1.2699999999998526	6.689645276932705E-29	6.910859761213633E-29	1.3600505038146338E-28	1.4429439601277785E-29
1.279999999999918	6.689645276931833E-29	6.918908359147887E-29	1.360855363607972E-28	1.4446244566474598E-29
1.2899999999999836	6.689645276930917E-29	6.924854983540891E-29	1.3614500260471808E-28	1.445866074340123E-29
1.3000000000000491	6.689645276930037E-29	6.928645113414908E-29	1.3618290390344945E-28	1.4466574295692517E-29
1.3100000000001146	6.689645276929127E-29	6.930243999377075E-29	1.3619889276306204E-28	1.4469912668806366E-29
1.3122200000001292	7.53088427172734E-29	7.353128568384107E-29	1.4884012840111447E-28	1.535286899517346E-29
1.3200000000001801	8.361004042097552E-29	7.74946556745904E-29	1.6110469609556592E-28	1.6180395668772045E-29
1.3300000000002457	8.361004042096568E-29	7.756612222988698E-29	1.6117616265085265E-28	1.6195317435076013E-29
1.3400000000003112	8.361004042095593E-29	7.769300179114164E-29	1.6130304221209756E-28	1.6221809087764958E-29
1.3500000000003767	8.361004042094584E-29	7.787413107692203E-29	1.6148417149786787E-28	1.6259627741007774E-29
1.3600000000004422	8.361004042093512E-29	7.810784942310789E-29	1.6171788984404302E-28	1.6308426658603049E-29
1.3700000000005077	8.361004042092382E-29	7.839201400850823E-29	1.6200205442943205E-28	1.6367758432991946E-29
1.3800000000005732	8.361004042091326E-29	7.872401950108646E-29	1.6233405992199973E-28	1.6437079087266208E-29
1.3900000000006387	8.361004042090574E-29	7.910082194466036E-29	1.6271086236556609E-28	1.6515753062560542E-29
1.4000000000007042	8.361004042089849E-29	7.95189666670824E-29	1.631290070879809E-28	1.660305904510478E-29
1.4100000000007697	8.361004042089067E-29	7.997461995402718E-29	1.6358466037491785E-28	1.6698196579511046E-29
1.4200000000008353	8.361004042087996E-29	8.046360419798093E-29	1.640736446188609E-28	1.680029340766124E-29
1.4300000000009008	8.361004042086887E-29	8.098143620018581E-29	1.6459147662105468E-28	1.690841346591159E-29
1.4400000000009663	8.361004042085877E-29	8.152336827435446E-29	1.6513340869521323E-28	1.702156546728918E-29
1.4500000000010318	8.361004042084896E-29	8.208443177531203E-29	1.6569447219616099E-28	1.7138711989998056E-29
1.4600000000010973	8.361004042083933E-29	8.26594826534867E-29	1.6626952307432604E-28	1.7258778988909716E-29
1.4700000000011628	8.361004042082932E-29	8.32432486175616E-29	1.6685328903839092E-28	1.73806656428276E-29
1.4800000000012283	8.361004042081951E-29	8.38303774729038E-29	1.674404178937233E-28	1.7503254447246341E-29
1.4900000000012938	8.36100404208091E-29	8.441548619257797E-29	1.6802552661338706E-28	1.7625421460070178E-29
1.5000000000013594	8.361004042079982E-29	8.499321027104369E-29	1.686032506918435E-28	1.7746046606353877E-29
1.5100000000014249	8.361004042078953E-29	8.555825290803661E-29	1.6916829332882616E-28	1.7864023947587093E-29
1.5200000000014904	8.361004042077912E-29	8.610543357171154E-29	1.6971547399249066E-28	1.7978271821372596E-29
1.530000000001556	8.361004042076778E-29	8.66297354957732E-29	1.7023977591654098E-28	1.8087742758527783E-29
1.5400000000016214	8.361004042075643E-29	8.712635167515929E-29	1.707363920959157E-28	1.8191433086693416E-29
1.550000000001687	8.361004042074727E-29	8.759072893854219E-29	1.7120076935928946E-28	1.828839213239417E-29
1.5600000000017524	8.361004042073984E-29	8.801860969358382E-29	1.7162865011432365E-28	1.837773093718476E-29
1.570000000001818	8.361004042073267E-29	8.840607096220312E-29	1.7201611138293578E-28	1.8458630407967757E-29
1.5800000000018835	8.36100404207219E-29	8.874956034797614E-29	1.7235960076869804E-28	1.8530348826760002E-29
1.590000000001949	8.361004042071086E-29	8.904592860589917E-29	1.7265596902661002E-28	1.8592228651053892E-29
1.6000000000020145	8.361004042070053E-29	8.929245851589304E-29	1.7290249893659356E-28	1.8643702542423092E-29
1.61000000000208	8.361004042069072E-29	8.948688979533932E-29	1.7309693021603003E-28	1.8684298568103067E-29
1.6200000000021455	8.361004042068083E-29	8.962743982223865E-29	1.7323748024291947E-28	1.8713644527855922E-29
1.630000000002211	8.361004042067082E-29	8.971281997898456E-29	1.7332286039965537E-28	1.8731471366447366E-29
1.6400000000022765	9.10018401899876E-29	9.362504614236283E-29	1.8462688633235043E-28	1.9548319531242017E-29
1.650000000002342	1.0036458985058076E-28	9.8332321763589E-29	1.9869691161416977E-28	2.0531169011769202E-29
1.6600000000024075	1.0036458985057008E-28	9.835994385364611E-29	1.9872453370421618E-28	2.0536936330075628E-29
1.670000000002473	1.0036458985055867E-28	9.840594532279754E-29	1.9877053517335622E-28	2.0546541146894745E-29
1.6800000000025386	1.0036458985054695E-28	9.846990441158516E-29	1.9883449426213211E-28	2.0559895401509973E-29
1.690000000002604	1.003645898505356E-28	9.855123471807391E-29	1.989158245686095E-28	2.0576876656893264E-29
1.7000000000026696	1.0036458985052415E-28	9.86491905742092E-29	1.9901378042473335E-28	2.0597329222254644E-29
1.710000000002735	1.0036458985051218E-28	9.876287388239783E-29	1.9912746373291002E-28	2.062106558047722E-29
1.7200000000028006	1.0036458985050054E-28	9.889124234961711E-29	1.9925583220011764E-28	2.0647868107347243E-29
1.7300000000028661	1.0036458985049015E-28	9.903311904356212E-29	1.9939770889405227E-28	2.067749106681747E-29
1.7400000000029316	1.0036458985047848E-28	9.918720318322334E-29	1.9955179303370182E-28	2.0709662864011717E-29
1.7500000000029972	1.0036458985046635E-28	9.935208206495719E-29	1.9971667191542353E-28	2.0744088535313245E-29
1.7600000000030627	1.0036458985045438E-28	9.95262440146976E-29	1.9989083386515198E-28	2.0780452452704888E-29
1.7700000000031282	1.0036458985044225E-28	9.970809224758836E-29	2.0007268209803062E-28	2.081842121757294E-29
1.7800000000031937	1.0036458985043083E-28	9.989595950792107E-29	2.002605493583519E-28	2.0857646717433934E-29
1.7900000000032592	1.0036458985042084E-28	1.0008812335519004E-28	2.0045271320561089E-28	2.089776931756654E-29
1.8000000000033247	1.0036458985040877E-28	1.0028282195609929E-28	2.0064741180650805E-28	2.0938421158283098E-29
1.8100000000033902	1.0036458985039729E-28	1.0047827023774197E-28	2.0084286008813927E-28	2.0979229527611684E-29
1.8200000000034557	1.0036458985038735E-28	1.0067267625384478E-28	2.0103726610423214E-28	2.101982027846477E-29
1.8300000000035213	1.0036458985037632E-28	1.0086425761403056E-28	2.0122884746440689E-28	2.1059821258965723E-29
1.8400000000035868	1.0036458985036419E-28	1.0105125782547376E-28	2.0141584767583795E-28	2.1098865724483458E-29
1.8500000000036523	1.0036458985035191E-28	1.0123196239711213E-28	2.0159655224746406E-28	2.1136595700090324E-29
1.8600000000037178	1.0036458985033936E-28	1.0140471455877097E-28	2.0176930440911034E-28	2.11726652626162E-29
1.8700000000037833	1.0036458985032762E-28	1.0156793045108197E-28	2.019325203014096E-28	2.1206743712207782E-29
1.8800000000038488	1.0036458985031582E-28	1.017201136469179E-28	2.020847034972337E-28	2.123851860431264E-29
1.8900000000039143	1.0036458985030652E-28	1.018598688712307E-28	2.0222445872153725E-28	2.1267698614294942E-29
1.9000000000039798	1.0036458985029501E-28	1.0198591479347223E-28	2.0235050464376725E-28	2.1294016208412233E-29
1.9100000000040454	1.0036458985028326E-28	1.0209709577534006E-28	2.0246168562562333E-28	2.1317230096670774E-29
1.9200000000041109	1.0036458985027091E-28	1.021923924661161E-28	2.02556982316387E-28	2.1337127445065425E-29
1.9300000000041764	1.0036458985025853E-28	1.0227093114847568E-28	2.026355209987342E-28	2.1353525826925696E-29
1.9400000000042419	1.0036458985024776E-28	1.023319917490675E-28	2.0269658159931524E-28	2.1366274895474333E-29
1.9500000000043074	1.0036458985023762E-28	1.023750144404285E-28	2.027396042906661E-28	2.1375257762265555E-29
1.960000000004373	1.0036458985022758E-28	1.0239960477369927E-28	2.0276419462392687E-28	2.138039206886366E-29
1.9681700000044264	1.0879483428772977E-28	1.0661984565809508E-28	2.1541467994582483E-28	2.2261551766040594E-29
1.9700000000044384	1.1710462254642156E-28	1.1061760034079612E-28	2.2772222288721768E-28	2.3096257746597633E-29
1.980000000004504	1.1710462254641055E-28	1.1065805893889341E-28	2.2776268148530396E-28	2.310470524687645E-29
1.9900000000045694	1.1710462254639882E-28	1.107576221538105E-28	2.2786224470020932E-28	2.3125493418620553E-29
2.000000000004635	1.1710462254638772E-28	1.1091537715106058E-28	2.280199996974483E-28	2.3158431667742538E-29
2.0100000000047005	1.1710462254637472E-28	1.1112987757113951E-28	2.282345001175142E-28	2.3203218003494115E-29
2.020000000004766	1.1710462254636208E-28	1.1139915679031884E-28	2.285037793366809E-28	2.3259441807236085E-29
2.0300000000048315	1.171046225463494E-28	1.1172074595141914E-28	2.2882536849776853E-28	2.3326587597150183E-29
2.040000000004897	1.1710462254633714E-28	1.1209169659925812E-28	2.2919631914559527E-28	2.3404039754377972E-29
2.0500000000049625	1.1710462254632246E-28	1.1250860771324E-28	2.2961323025956246E-28	2.3491088167255136E-29
2.060000000005028	1.1710462254630746E-28	1.1296765688924517E-28	2.3007227943555262E-28	2.3586934741893478E-29
2.0700000000050935	1.1710462254629504E-28	1.1346463538492244E-28	2.305692579312175E-28	2.369070071941709E-29
2.080000000005159	1.1710462254628228E-28	1.139949867070847E-28	2.31099609253367E-28	2.3801434732767325E-29
2.0900000000052246	1.1710462254626894E-28	1.1455384838742377E-28	2.3165847093369273E-28	2.3918121529208766E-29
2.10000000000529	1.1710462254625448E-28	1.1513609656351902E-28	2.3224071910977348E-28	2.4039691278562868E-29
2.1100000000053556	1.1710462254624262E-28	1.157363929564128E-28	2.328410155026554E-28	2.4165029381829552E-29
2.120000000005421	1.1710462254623062E-28	1.1634923381403505E-28	2.3345385636026565E-28	2.4292986690265836E-29
2.1300000000054866	1.1710462254621854E-28	1.1696900037175964E-28	2.340736229179782E-28	2.442239004123195E-29
2.140000000005552	1.1710462254620775E-28	1.1759001036743402E-28	2.3469463291364178E-28	2.4552053014204788E-29
2.1500000000056176	1.171046225461974E-28	1.1820657013857911E-28	2.353111926847765E-28	2.4680786808344946E-29
2.160000000005683	1.171046225461849E-28	1.1881302682411452E-28	2.3591764937029943E-28	2.480741114188789E-29
2.1700000000057487	1.1710462254617275E-28	1.1940382019200086E-28	2.365084427381736E-28	2.4930765073429023E-29
2.180000000005814	1.1710462254616033E-28	1.1997353361761906E-28	2.3707815616377937E-28	2.5049717645887988E-29
2.1900000000058797	1.1710462254614688E-28	1.2051694374550335E-28	2.3762156629165023E-28	2.516317825556547E-29
2.200000000005945	1.1710462254613363E-28	1.2102906837910671E-28	2.3813369092524034E-28	2.527010665122443E-29
2.2100000000060107	1.171046225461198E-28	1.2150521215953283E-28	2.386098347056526E-28	2.5369522471521384E-29
2.2200000000060762	1.171046225461033E-28	1.219410096144079E-28	2.390456321605112E-28	2.546051423333954E-29
2.2300000000061417	1.1710462254608993E-28	1.223324651822561E-28	2.39437087728346E-28	2.5542247688626115E-29
2.2400000000062072	1.1710462254607791E-28	1.2267598984535594E-28	2.3978061239143386E-28	2.561397347310186E-29
2.2500000000062728	1.1710462254606312E-28	1.229684340352646E-28	2.400730565813277E-28	2.56750339767271E-29
2.2600000000063383	1.1710462254604964E-28	1.232071165092944E-28	2.4031173905534406E-28	2.5724869372928103E-29
2.270000000006404	1.1710462254603868E-28	1.2338984893318972E-28	2.4049447147922837E-28	2.5763022751305003E-29
2.2800000000064693	1.171046225460266E-28	1.2351495594463135E-28	2.406195784906579E-28	2.5789144306765076E-29
2.290000000006535	1.1710462254601455E-28	1.2358129051361694E-28	2.406859130596315E-28	2.580299454667338E-29
2.3000000000066003	1.3385038900963882E-28	1.3213516298160484E-28	2.6598555199124364E-28	2.758898920433648E-29
2.310000000006666	1.338503890096263E-28	1.3214911773235494E-28	2.6599950674198123E-28	2.75919028683386E-29
2.3200000000067313	1.3385038900961378E-28	1.3217867040437316E-28	2.6602905941398693E-28	2.7598073279990363E-29
2.330000000006797	1.338503890096007E-28	1.3222355004720603E-28	2.660739390568067E-28	2.7607443866544855E-29
2.3400000000068624	1.3385038900958745E-28	1.322833451867391E-28	2.6613373419632653E-28	2.7619928714800423E-29
2.350000000006928	1.338503890095737E-28	1.3235750759775048E-28	2.662078966073242E-28	2.763541335878611E-29
2.3600000000069934	1.338503890095588E-28	1.324453573302546E-28	2.662957463398134E-28	2.765375582923053E-29
2.370000000007059	1.3385038900954333E-28	1.3254608894355269E-28	2.66396477953096E-28	2.7674787955192365E-29
2.3800000000071244	1.338503890095254E-28	1.3265877889082297E-28	2.665091679003484E-28	2.769831690591618E-29
2.39000000000719	1.33850389009508E-28	1.3278239398656278E-28	2.666327829960708E-28	2.7724126958781015E-29
2.4000000000072554	1.3385038900949463E-28	1.3291580087923833E-28	2.6676618988873296E-28	2.775198147712994E-29
2.410000000007321	1.3385038900948116E-28	1.3305777644229037E-28	2.6690816545177153E-28	2.7781625079846555E-29
2.4200000000073865	1.3385038900946918E-28	1.3320701898823894E-28	2.670574079977081E-28	2.781278598278937E-29
2.430000000007452	1.3385038900945627E-28	1.3336216020306228E-28	2.6721254921251855E-28	2.78451784906149E-29
2.4400000000075175	1.338503890094428E-28	1.3352177769143624E-28	2.6737216670087906E-28	2.787850561614458E-29
2.450000000007583	1.3385038900943098E-28	1.336844080178123E-28	2.6753479702724326E-28	2.7912461803259675E-29
2.4600000000076485	1.3385038900941954E-28	1.3384856012376302E-28	2.6769894913318254E-28	2.7946735728358426E-29
2.470000000007714	1.338503890094068E-28	1.340127289985906E-28	2.678631180079974E-28	2.7981013154692983E-29
2.4800000000077795	1.3385038900939394E-28	1.341754094778542E-28	2.6802579848724817E-28	2.801497981341489E-29
2.490000000007845	1.3385038900938044E-28	1.3433511004330673E-28	2.6818549905268715E-28	2.804832428491495E-29
2.5000000000079106	1.3385038900936594E-28	1.3449036649771462E-28	2.6834075550708053E-28	2.8080740854039395E-29
2.510000000007976	1.3385038900935132E-28	1.3463975538919285E-28	2.684901443985442E-28	2.811193231300641E-29
2.5200000000080416	1.3385038900933807E-28	1.3478190706196777E-28	2.686322960713058E-28	2.814161268632318E-29
2.530000000008107	1.3385038900932482E-28	1.3491551821391651E-28	2.6876590722324133E-28	2.8169509852720936E-29
2.5400000000081726	1.3385038900930733E-28	1.3503936384574928E-28	2.6888975285505663E-28	2.819536804006895E-29
2.550000000008238	1.3385038900928948E-28	1.351523084922881E-28	2.690026975015776E-28	2.8218950170394705E-29
2.5600000000083036	1.3385038900927403E-28	1.352533166328478E-28	2.691037056421218E-28	2.8240040033505854E-29
2.570000000008369	1.3385038900926022E-28	1.3534146218529662E-28	2.6919185119455687E-28	2.8258444269290233E-29
2.5800000000084347	1.338503890092469E-28	1.3541593699674182E-28	2.692663260059887E-28	2.827399414051749E-29
2.5900000000085	1.3385038900923372E-28	1.3547605825298947E-28	2.693264472622232E-28	2.8286547079887597E-29
2.6000000000085657	1.3385038900922074E-28	1.3552127473885204E-28	2.693716637480728E-28	2.829598799714362E-29
2.610000000008631	1.3385038900920722E-28	1.3555117189190358E-28	2.694015609011108E-28	2.830223033426394E-29
2.6200000000086967	1.3385038900919498E-28	1.3556547560335447E-28	2.6941586461254942E-28	2.8305216859060943E-29
2.6241100000087236	1.4223524306987307E-28	1.3974838052456684E-28	2.819836235944399E-28	2.917858104244761E-29
2.630000000008762	1.5060245008906638E-28	1.4381073018440896E-28	2.9441318027347534E-28	3.0026774047100185E-29
2.6400000000088277	1.5060245008905208E-28	1.4387838862588173E-28	2.944808387149338E-28	3.0040900703239657E-29
2.6500000000088932	1.506024500890385E-28	1.4400769589326574E-28	2.9461014598230423E-28	3.0067899245666977E-29
2.6600000000089588	1.5060245008902363E-28	1.4419746644696548E-28	2.9479991653598913E-28	3.010752214118686E-29
2.6700000000090243	1.5060245008900865E-28	1.4444596039633644E-28	2.950484104853451E-28	3.015940611159898E-29
2.6800000000090898	1.5060245008899457E-28	1.44750899451682E-28	2.9535334954067658E-28	3.0223075464374374E-29
2.6900000000091553	1.5060245008898058E-28	1.451094878124998E-28	2.9571193790148036E-28	3.0297946453989606E-29
2.700000000009221	1.5060245008896244E-28	1.4551843780047386E-28	2.961208878894363E-28	3.0383332633934E-29
2.7100000000092863	1.5060245008894446E-28	1.4597400000220066E-28	2.9657645009114514E-28	3.047845115032085E-29
2.720000000009352	1.50602450088926E-28	1.46471997645273E-28	2.97074447734199E-28	3.058242991939703E-29
2.7300000000094173	1.5060245008891E-28	1.4700786489256496E-28	2.9761031498147496E-28	3.0694315623148375E-29
2.740000000009483	1.5060245008889406E-28	1.4757668870360937E-28	2.9817913879250342E-28	3.081308244969142E-29
2.7500000000095484	1.5060245008887935E-28	1.4817325387927574E-28	2.987757039681551E-28	3.093764149831828E-29
2.760000000009614	1.506024500888651E-28	1.487920908767529E-28	2.99394540965618E-28	3.1066850762963586E-29
2.7700000000096794	1.50602450088852E-28	1.4942752595646059E-28	3.0002997604531256E-28	3.1199525602563647E-29
2.780000000009745	1.5060245008883861E-28	1.5007373320110843E-28	3.0067618328994704E-28	3.1334449602308026E-29
2.7900000000098104	1.5060245008882514E-28	1.5072478792998624E-28	3.0132723801881137E-28	3.147038572620672E-29
2.800000000009876	1.5060245008881209E-28	1.5137472101875295E-28	3.0197717110756506E-28	3.1606087658719735E-29
2.8100000000099414	1.5060245008879938E-28	1.5201757362670314E-28	3.026200237155025E-28	3.1740311231465366E-29
2.820000000010007	1.5060245008878664E-28	1.5264745182974583E-28	3.032499019185325E-28	3.1871825830241857E-29
2.8300000000100725	1.5060245008877312E-28	1.532585806582114E-28	3.038610307469845E-28	3.199942567778087E-29
2.840000000010138	1.5060245008875886E-28	1.538453570440258E-28	3.0444780713278463E-28	3.2121940888783763E-29
2.8500000000102035	1.506024500887442E-28	1.5440240119183137E-28	3.0500485128057555E-28	3.223824819588782E-29
2.860000000010269	1.5060245008872718E-28	1.549246059030564E-28	3.0552705599178356E-28	3.234728124822111E-29
2.8700000000103345	1.506024500887081E-28	1.5540718340070605E-28	3.0600963348941413E-28	3.2448040388123674E-29
2.8800000000104	1.506024500886893E-28	1.5584570922558025E-28	3.0644815931426954E-28	3.253960181640119E-29
2.8900000000104655	1.506024500886723E-28	1.5623616280143503E-28	3.0683861289010735E-28	3.262112606207493E-29
2.900000000010531	1.5060245008865747E-28	1.5657496429720448E-28	3.0717741438586193E-28	3.269186567898142E-29
2.9100000000105966	1.5060245008864353E-28	1.5685900744829173E-28	3.0746145753693526E-28	3.275117209865113E-29
2.920000000010662	1.5060245008862878E-28	1.5708568803601536E-28	3.0768813812464414E-28	3.2798501576637324E-29
2.9300000000107276	1.5060245008861555E-28	1.5725292776410664E-28	3.078553778527222E-28	3.2833420177778254E-29
2.940000000010793	1.5060245008860232E-28	1.5735919331334179E-28	3.079616434019441E-28	3.2855607754684254E-29
2.9500000000108586	1.506024500885887E-28	1.574035103996107E-28	3.080059604881994E-28	3.286486088297389E-29
2.960000000010924	1.6731334280882333E-28	1.659119509560516E-28	3.3322529376487493E-28	3.4641369643855846E-29
2.9700000000109896	1.6731334280881E-28	1.6592859677428448E-28	3.3324193958309447E-28	3.464484518578701E-29
2.980000000011055	1.6731334280879595E-28	1.6595793848682103E-28	3.33271281295617E-28	3.4650971550428647E-29
2.9900000000111207	1.6731334280878107E-28	1.6599970707736745E-28	3.333130498861485E-28	3.465969256887418E-29
3.000000000011186	1.6731334280876622E-28	1.660535195951536E-28	3.3336686240391983E-28	3.4670928283416473E-29
3.0100000000112517	1.6731334280874965E-28	1.6611888266597097E-28	3.334322254747206E-28	3.4684575680630443E-29
3.020000000011317	1.6731334280873187E-28	1.6619519701562753E-28	3.335085398243594E-28	3.470050963584192E-29
3.0300000000113827	1.6731334280871257E-28	1.662817629643241E-28	3.3359510577303668E-28	3.4718584060318826E-29
3.040000000011448	1.6731334280869454E-28	1.6637778684159134E-28	3.3369112965028586E-28	3.4738633240669493E-29
3.0500000000115137	1.6731334280867515E-28	1.664823882629749E-28	3.3379573107165005E-28	3.476047335816881E-29
3.0600000000115792	1.6731334280865907E-28	1.6659460820174221E-28	3.339079510104013E-28	3.478390417407959E-29
3.0700000000116447	1.6731334280864493E-28	1.6671341778161285E-28	3.3402676059025777E-28	3.4808710865519316E-29
3.0800000000117103	1.6731334280862997E-28	1.6683772770989751E-28	3.341510705185275E-28	3.48346659950401E-29
3.0900000000117758	1.6731334280861282E-28	1.669663982645633E-28	3.342797410731761E-28	3.4861531595864955E-29
3.1000000000118413	1.6731334280859789E-28	1.6709824974365206E-28	3.3441159255224994E-28	3.4889061353660473E-29
3.110000000011907	1.6731334280858387E-28	1.6723207328124257E-28	3.345454160898264E-28	3.49170028648416E-29
3.1200000000119723	1.6731334280857112E-28	1.6736664193081376E-28	3.346799847393849E-28	3.4945099950707977E-29
3.130000000012038	1.6731334280855713E-28	1.675007219143622E-28	3.348140647229193E-28	3.497309500618878E-29
3.1400000000121033	1.673133428085431E-28	1.676330839341692E-28	3.349464267427123E-28	3.5000731361668416E-29
3.150000000012169	1.6731334280852762E-28	1.6776251444347796E-28	3.350758572520056E-28	3.502775563623286E-29
3.1600000000122344	1.6731334280851269E-28	1.6788782677276955E-28	3.3520116958128224E-28	3.505392006076592E-29
3.1700000000123	1.6731334280849648E-28	1.6800787200960376E-28	3.353212148181002E-28	3.5078984749591496E-29
3.1800000000123654	1.673133428084811E-28	1.6812154953230847E-28	3.354348923407896E-28	3.510271989984149E-29
3.190000000012431	1.6731334280846148E-28	1.6822781710090085E-28	3.3554115990936233E-28	3.512490789837656E-29
3.2000000000124964	1.6731334280844195E-28	1.6832570041276057E-28	3.356390432212025E-28	3.514534531695044E-29
3.210000000012562	1.6731334280842215E-28	1.6841430203540912E-28	3.3572764484383125E-28	3.516384477731798E-29
3.2200000000126274	1.6731334280840267E-28	1.6849280963452306E-28	3.358061524429257E-28	3.518023666919247E-29
3.230000000012693	1.67313342808387E-28	1.6856050342173482E-28	3.358738462301218E-28	3.519437070529947E-29
3.2400000000127585	1.6731334280837121E-28	1.6861676275392654E-28	3.3593010556229775E-28	3.520611729926777E-29
3.250000000012824	1.6731334280835433E-28	1.6866107182354492E-28	3.3597441463189925E-28	3.5215368753731306E-29
3.2600000000128895	1.6731334280833991E-28	1.6869302438771419E-28	3.360063671960541E-28	3.522204024773808E-29
3.270000000012955	1.6731334280832597E-28	1.6871232749283004E-28	3.36025670301156E-28	3.5226070614421973E-29
3.2800000000130205	1.7527659761101539E-28	1.7268712060921143E-28	3.479637182202268E-28	3.6055982364654453E-29
3.280060000013021	1.757169601877083E-28	1.7290391219703699E-28	3.486208723847453E-28	3.6101247081790666E-29
3.290000000013086	1.840505264977268E-28	1.7698842958307748E-28	3.6103895608080425E-28	3.6954068567953923E-29
3.3000000000131515	1.8405052649771058E-28	1.770851892787672E-28	3.6113571577647775E-28	3.697427138255347E-29
3.310000000013217	1.8405052649769473E-28	1.7724580991107568E-28	3.6129633640877043E-28	3.700780795821402E-29
3.3200000000132825	1.8405052649767803E-28	1.7746881884723705E-28	3.6151934534491507E-28	3.7054370818495836E-29
3.330000000013348	1.8405052649766164E-28	1.777521714541204E-28	3.61802697951782E-28	3.711353305688815E-29
3.3400000000134136	1.840505264976457E-28	1.7809326984422723E-28	3.621437963418729E-28	3.7184752250855345E-29
3.350000000013479	1.8405052649762574E-28	1.784889866941293E-28	3.6253951319175505E-28	3.726737543497661E-29
3.3600000000135446	1.8405052649760554E-28	1.7893569391700632E-28	3.6298622041461186E-28	3.7360645087591103E-29
3.37000000001361	1.8405052649758386E-28	1.7942929592635912E-28	3.63479822423943E-28	3.74637060760516E-29
3.3800000000136756	1.8405052649756355E-28	1.7996526718595246E-28	3.6401579368351603E-28	3.7575613496915895E-29
3.390000000013741	1.8405052649754604E-28	1.8053869370169365E-28	3.6458922019923966E-28	3.769534133918954E-29
3.4000000000138066	1.8405052649753084E-28	1.8114431807505627E-28	3.651948445725871E-28	3.7821791891196733E-29
3.410000000013872	1.8405052649751377E-28	1.8177658770496063E-28	3.658271142024744E-28	3.795380580482917E-29
3.4200000000139377	1.8405052649749862E-28	1.8242970569620104E-28	3.664802321936997E-28	3.809017272490477E-29
3.430000000014003	1.8405052649748353E-28	1.830976840076391E-28	3.6714821050512263E-28	3.822964238617549E-29
3.4400000000140687	1.840505264974693E-28	1.8377439835291075E-28	3.6782492485038004E-28	3.837093607624888E-29
3.450000000014134	1.8405052649745404E-28	1.8445364435027702E-28	3.6850417084773107E-28	3.851275835932303E-29
3.4600000000141997	1.840505264974398E-28	1.851291944068246E-28	3.691797209042644E-28	3.8653808953249156E-29
3.4700000000142652	1.840505264974252E-28	1.8579485481546882E-28	3.6984538131289403E-28	3.8792794651025876E-29
3.4800000000143307	1.8405052649740902E-28	1.864445225412861E-28	3.704950490386951E-28	3.8928441177427596E-29
3.4900000000143963	1.8405052649739393E-28	1.8707224117652087E-28	3.7112276767391483E-28	3.9059504872057185E-29
3.5000000000144618	1.8405052649737732E-28	1.8767225555126296E-28	3.717227820486403E-28	3.918478409171131E-29
3.5100000000145273	1.8405052649735822E-28	1.882390644990971E-28	3.722895909964553E-28	3.9303130227515407E-29
3.520000000014593	1.8405052649733835E-28	1.8876747129394636E-28	3.728179977912847E-28	3.941345823581873E-29
3.5300000000146583	1.8405052649731853E-28	1.8925263129569042E-28	3.7330315779300895E-28	3.95147565862991E-29
3.540000000014724	1.8405052649729867E-28	1.8969009636771774E-28	3.737406228650164E-28	3.960609653606793E-29
3.5500000000147893	1.8405052649727878E-28	1.900758556591836E-28	3.741263821564624E-28	3.9686640644748567E-29
3.560000000014855	1.8405052649726257E-28	1.9040637237805758E-28	3.7445689887532015E-28	3.9755650452456883E-29
3.5700000000149203	1.840505264972465E-28	1.9067861621781411E-28	3.747291427150606E-28	3.981249325028985E-29
3.580000000014986	1.8405052649723042E-28	1.908900911404746E-28	3.74940617637705E-28	3.985664788124967E-29
3.5900000000150514	1.8405052649721481E-28	1.9103885826125338E-28	3.750893847584682E-28	3.9887709518413563E-29
3.600000000015117	1.8405052649719946E-28	1.9112355362501283E-28	3.751740801222123E-28	3.990539337654557E-29
3.6100000000151824	2.0074736469051595E-28	1.9962670249575121E-28	4.0037406718626714E-28	4.168079726680547E-29
3.620000000015248	2.0074736469050057E-28	1.9963391444837695E-28	4.003812791388775E-28	4.168230307705797E-29
3.6300000000153134	2.0074736469048732E-28	1.9965133494963252E-28	4.0039869964011985E-28	4.168594036792157E-29
3.640000000015379	2.007473646904704E-28	1.996788042815448E-28	4.004261689720152E-28	4.1691675791290173E-29
3.6500000000154444	2.0074736469045362E-28	1.997160705945398E-28	4.0046343528499342E-28	4.1699456762560084E-29
3.66000000001551	2.007473646904353E-28	1.9976279221648713E-28	4.0051015690692244E-28	4.1709211942743983E-29
3.6700000000155755	2.0074736469041537E-28	1.99818540785286E-28	4.005659054757014E-28	4.1720851892535116E-29
3.680000000015641	2.0074736469039499E-28	1.9988280517625844E-28	4.0063016986665346E-28	4.1734269892322264E-29
3.6900000000157065	2.0074736469037297E-28	1.9995499618833635E-28	4.0070236087870933E-28	4.1749342920636045E-29
3.700000000015772	2.00747364690351E-28	2.0003445194609371E-28	4.007818166364447E-28	4.176593278205919E-29
3.7100000000158375	2.0074736469033075E-28	2.0012044396807309E-28	4.0086780865840384E-28	4.178388737425489E-29
3.720000000015903	2.0074736469031125E-28	2.0021218384579243E-28	4.0095954853610366E-28	4.180304208250132E-29
3.7300000000159685	2.0074736469029313E-28	2.003088304721789E-28	4.01056195162472E-28	4.1823221288943007E-29
3.740000000016034	2.007473646902768E-28	2.004094977531698E-28	4.0115686244344663E-28	4.184423998272458E-29
3.7500000000160996	2.0074736469026037E-28	2.0051326273176676E-28	4.0126062742202714E-28	4.1865905456242015E-29
3.760000000016165	2.007473646902436E-28	2.0061917405006774E-28	4.0136653874031136E-28	4.188801907196162E-29
3.7700000000162306	2.0074736469022638E-28	2.007262606716939E-28	4.014736253619203E-28	4.191037808360778E-29
3.780000000016296	2.0074736469021179E-28	2.0083354078462394E-28	4.0158090547483573E-28	4.193277749501864E-29
3.7900000000163616	2.0074736469019737E-28	2.0094003080283013E-28	4.016873954930275E-28	4.1955011939631006E-29
3.800000000016427	2.0074736469018103E-28	2.010447543841828E-28	4.0179211907436385E-28	4.197687756336192E-29
3.8100000000164926	2.0074736469016269E-28	2.0114675138193626E-28	4.0189411607209897E-28	4.1998173893622516E-29
3.820000000016558	2.0074736469014634E-28	2.012450866477323E-28	4.0199245133787863E-28	4.201870567732971E-29
3.8300000000166237	2.007473646901295E-28	2.0133885860540065E-28	4.0208622329553015E-28	4.203828467106162E-29
3.840000000016689	2.0074736469010946E-28	2.0142720751696324E-28	4.021745722070727E-28	4.205673136694721E-29
3.8500000000167547	2.0074736469008648E-28	2.0150932336505213E-28	4.022566880551386E-28	4.207387663846548E-29
3.86000000001682	2.0074736469006619E-28	2.015844532794641E-28	4.023318179695303E-28	4.208956329106319E-29
3.8700000000168857	2.0074736469004404E-28	2.0165190843976322E-28	4.0239927312980726E-28	4.210364750337485E-29
3.8800000000169512	2.0074736469002401E-28	2.0171107039066181E-28	4.0245843508068583E-28	4.211600014583442E-29
3.8900000000170167	2.0074736469000612E-28	2.0176139671226027E-28	4.0250876140226637E-28	4.212650796458564E-29
3.9000000000170822	2.0074736468998902E-28	2.0180242599316178E-28	4.0254979068315077E-28	4.213507461983706E-29
3.9100000000171478	2.0074736468997106E-28	2.0183378206087539E-28	4.0258114675084644E-28	4.214162156914352E-29
3.9200000000172133	2.0074736468995583E-28	2.0185517743071175E-28	4.0260254212066756E-28	4.2146088787513847E-29
3.930000000017279	2.0074736468994186E-28	2.0186641594155342E-28	4.026137806314953E-28	4.21484353177431E-29
3.936010000017318	2.0916739195040876E-28	2.060581995516444E-28	4.152255915020532E-28	4.302365331540671E-29
3.9400000000173443	2.1743325222294694E-28	2.100955110510455E-28	4.275287632739924E-28	4.3866618509970604E-29
3.95000000001741	2.1743325222291703E-28	2.1015590645848993E-28	4.27589158681407E-28	4.3879228690382676E-29
3.9600000000174753	2.17433252222891E-28	2.1028302341914068E-28	4.277162756420317E-28	4.3905769910569227E-29
3.970000000017541	2.1743325222287233E-28	2.1047569647499605E-28	4.279089486978684E-28	4.394599883024522E-29
3.9800000000176063	2.174332522228538E-28	2.10732159124135E-28	4.281654113469888E-28	4.3999546614943485E-29
3.990000000017672	2.1743325222283645E-28	2.110500600167034E-28	4.2848331223953985E-28	4.406592231763468E-29
4.000000000017737	2.1743325222281484E-28	2.114264845130063E-28	4.288597367358211E-28	4.4144517379920966E-29
4.010000000017358	2.174332522227919E-28	2.1185798140606692E-28	4.292912336288588E-28	4.423461121153801E-29
4.02000000001698	2.1743325222277027E-28	2.123405945636363E-28	4.297738467864066E-28	4.4335377797007054E-29
4.030000000016601	2.174332522227494E-28	2.1286989919956675E-28	4.303031514223161E-28	4.444589326886918E-29
4.040000000016223	2.1743325222272605E-28	2.134410424419771E-28	4.308742946647032E-28	4.456514437806243E-29
4.050000000015844	2.174332522227056E-28	2.1404878782628624E-28	4.314820400489918E-28	4.469203778378687E-29
4.0600000000154655	2.174332522226867E-28	2.146875633051572E-28	4.321208155278439E-28	4.4825410077678247E-29
4.070000000015087	2.174332522226677E-28	2.1535151233521454E-28	4.327847645578823E-28	4.496403845039257E-29
4.080000000014708	2.1743325222264964E-28	2.1603454757212226E-28	4.334677997947719E-28	4.510665190280002E-29
4.09000000001433	2.1743325222261754E-28	2.16730406681729E-28	4.341636589043465E-28	4.525194289900026E-29
4.100000000013951	2.1743325222258413E-28	2.174327097556158E-28	4.348659619782E-28	4.539857935432695E-29
4.110000000013573	2.174332522225519E-28	2.181350178045774E-28	4.355682700271292E-28	4.5545216848417877E-29
4.120000000013194	2.1743325222251947E-28	2.1883089179378957E-28	4.36264144016309E-28	4.569051095138596E-29
4.130000000012815	2.174332522225021E-28	2.195139516784139E-28	4.36947203900916E-28	4.583312955008129E-29
4.140000000012437	2.1743325222248404E-28	2.201779348983195E-28	4.376111871208036E-28	4.5971765061420446E-29
4.150000000012058	2.174332522224672E-28	2.2081675379570294E-28	4.382500060181701E-28	4.610514642082355E-29
4.16000000001168	2.174332522224477E-28	2.214245514291096E-28	4.388578036515572E-28	4.623205073583024E-29
4.170000000011301	2.174332522224242E-28	2.2199575527216483E-28	4.39429007494589E-28	4.635131449805619E-29
4.1800000000109225	2.174332522224027E-28	2.2252512830467725E-28	4.3995838052708E-28	4.646184425069354E-29
4.190000000010544	2.1743325222238055E-28	2.2300781702767845E-28	4.4044106925005905E-28	4.6562626613748474E-29
4.200000000010165	2.17433252222358E-28	2.234393959622084E-28	4.408726481845664E-28	4.6652737575107213E-29
4.210000000009787	2.17433252222335E-28	2.238159082238322E-28	4.412491604461672E-28	4.673135096223934E-29
4.220000000009408	2.1743325222231607E-28	2.241339018009035E-28	4.415671540232196E-28	4.679774601687055E-29
4.23000000000903	2.174332522222994E-28	2.2439046120396094E-28	4.418237134262603E-28	4.6851314003177184E-29
4.240000000008651	2.1743325222228423E-28	2.2458323419606496E-28	4.420164864183491E-28	4.6891563788912E-29
4.2500000000082725	2.174332522222562E-28	2.247104533590425E-28	4.421437055812987E-28	4.691812634830023E-29
4.260000000007894	2.1743325222222674E-28	2.247709522978657E-28	4.422042045200924E-28	4.693075814541165E-29
4.270000000007515	2.3416313164305074E-28	2.332649332631974E-28	4.6742806490624815E-28	4.8704247834806436E-29
4.280000000007137	2.3416313164301966E-28	2.332740746469423E-28	4.67437206289962E-28	4.8706156498115737E-29
4.290000000006758	2.3416313164298617E-28	2.3329136725452156E-28	4.674544988975077E-28	4.8709767085585816E-29
4.30000000000638	2.3416313164295393E-28	2.333166525405508E-28	4.674797841835047E-28	4.8715046493939713E-29
4.310000000006001	2.3416313164293586E-28	2.33349698679652E-28	4.675128303225878E-28	4.872194631949966E-29
4.3200000000056225	2.3416313164291545E-28	2.3339020269188265E-28	4.675533343347981E-28	4.873040330196329E-29
4.330000000005244	2.3416313164289115E-28	2.334377932206192E-28	4.676009248635104E-28	4.8740339904408186E-29
4.340000000004865	2.3416313164286756E-28	2.334920339372849E-28	4.676551655801524E-28	4.875166502417767E-29
4.350000000004487	2.341631316428447E-28	2.3355242754178213E-28	4.677155591846268E-28	4.8764274828145725E-29
4.360000000004108	2.3416313164282236E-28	2.336184203219279E-28	4.677815519647503E-28	4.8778053704698514E-29
4.37000000000373	2.3416313164279967E-28	2.3368940723010767E-28	4.678525388729073E-28	4.879287532370763E-29
4.380000000003351	2.3416313164277707E-28	2.3376473743058857E-28	4.679278690733656E-28	4.880860379477416E-29
4.390000000002972	2.3416313164275873E-28	2.338437202666385E-28	4.680068519093973E-28	4.882509491312555E-29
4.400000000002594	2.341631316427294E-28	2.3392563159272516E-28	4.680887632354545E-28	4.884219748173881E-29
4.410000000002215	2.3416313164269555E-28	2.340097204137809E-28	4.681728520564765E-28	4.8859754697577226E-29
4.420000000001837	2.341631316426619E-28	2.3409521577061515E-28	4.682583474132771E-28	4.8877605589221033E-29
4.430000000001458	2.341631316426299E-28	2.341813338083659E-28	4.683444654509958E-28	4.889558649271554E-29
4.4400000000010795	2.3416313164259663E-28	2.3426728496318517E-28	4.684304166057818E-28	4.89135325521058E-29
4.450000000000701	2.341631316425655E-28	2.343522812012749E-28	4.685154128438405E-28	4.893127923090161E-29
4.460000000000322	2.34163131642533E-28	2.3443554324388757E-28	4.685986748864206E-28	4.8948663820612154E-29
4.469999999999944	2.341631316425103E-28	2.345163077120609E-28	4.686794393545712E-28	4.896552693252157E-29
4.479999999999565	2.3416313164249076E-28	2.3459383412556867E-28	4.687569657680595E-28	4.8981713959025755E-29
4.489999999999187	2.341631316424699E-28	2.346674116919305E-28	4.688305433344004E-28	4.899707649113479E-29
4.499999999998808	2.341631316424467E-28	2.3473636582324716E-28	4.688994974656938E-28	4.901147367914715E-29
4.5099999999984295	2.341631316424229E-28	2.3480006432108E-28	4.689631959635029E-28	4.9024773524013476E-29
4.519999999998051	2.3416313164239977E-28	2.3485792317269186E-28	4.690210548150917E-28	4.90368540875552E-29
4.529999999997672	2.341631316423783E-28	2.349094119055051E-28	4.690725435478834E-28	4.904760461044158E-29
4.539999999997294	2.3416313164235614E-28	2.3495405845068635E-28	4.691171900930425E-28	4.905692652767559E-29
4.549999999996915	2.3416313164233776E-28	2.3499145347125055E-28	4.691545851135883E-28	4.9064734372274725E-29
4.559999999996537	2.3416313164231574E-28	2.3502125411502185E-28	4.691843857573376E-28	4.907095655886561E-29
4.569999999996158	2.3416313164228265E-28	2.350431871580428E-28	4.692063188003255E-28	4.907553604000802E-29
4.5799999999957794	2.3416313164224736E-28	2.3505705150960177E-28	4.692201831518492E-28	4.9078430829228807E-29
4.589999999995401	2.3416313164221543E-28	2.350627200559043E-28	4.692258516981197E-28	4.9079614385968846E-29
4.591949999995327	2.4255933560614177E-28	2.3923992037382583E-28	4.8179925597996755E-28	4.995178748414357E-29
4.599999999995022	2.5089839107647027E-28	2.4334001881976295E-28	4.942384098962332E-28	5.080786219740838E-29
4.609999999994644	2.508983910764355E-28	2.434304143020254E-28	4.9432880537846095E-28	5.08267362043569E-29
4.619999999994265	2.5089839107640176E-28	2.4358927911736947E-28	4.944876701937712E-28	5.085990617650192E-29
4.629999999993887	2.5089839107636727E-28	2.438151567310471E-28	4.947135478074144E-28	5.090706799856831E-29
4.639999999993508	2.508983910763392E-28	2.4410597620877165E-28	4.950043672851108E-28	5.096778927252982E-29
4.649999999993129	2.508983910763167E-28	2.444590712038497E-28	4.953574622801664E-28	5.104151328200239E-29
4.659999999992751	2.508983910762929E-28	2.4487120440328882E-28	4.9576959547958175E-28	5.112756409643742E-29
4.669999999992372	2.508983910762675E-28	2.4533859720875807E-28	4.962369882850255E-28	5.122515276831933E-29
4.679999999991994	2.508983910762432E-28	2.4585696438025177E-28	4.96755355456495E-28	5.133338456654411E-29
4.689999999991615	2.508983910762199E-28	2.464215533248368E-28	4.973199444010566E-28	5.145126717966211E-29
4.6999999999912365	2.5089839107619566E-28	2.4702718767029597E-28	4.979255787464916E-28	5.157771981378021E-29
4.709999999990858	2.5089839107617553E-28	2.476683147241246E-28	4.985667058003001E-28	5.171158310170114E-29
4.719999999990479	2.5089839107614585E-28	2.483390563827831E-28	4.9923744745892895E-28	5.185162973245456E-29
4.729999999990101	2.5089839107611154E-28	2.4903326302446143E-28	4.999316541005729E-28	5.199657570376659E-29
4.739999999989722	2.508983910760785E-28	2.497445698912119E-28	5.006429609672904E-28	5.214509209429377E-29
4.749999999989344	2.5089839107604432E-28	2.504664554435305E-28	5.013648465195749E-28	5.229581724769187E-29
4.759999999988965	2.5089839107601024E-28	2.5119230115238827E-28	5.020906922283986E-28	5.244736925681512E-29
4.7699999999885865	2.5089839107597697E-28	2.5191545218049425E-28	5.028138432564712E-28	5.259835863358153E-29
4.779999999988208	2.5089839107594025E-28	2.526292783964411E-28	5.035276694723814E-28	5.274740104834189E-29
4.789999999987829	2.5089839107590437E-28	2.5332723516235297E-28	5.042256262382573E-28	5.289313002195746E-29
4.799999999987451	2.508983910758695E-28	2.540029233376685E-28	5.04901314413538E-28	5.303420945421179E-29
4.809999999987072	2.508983910758472E-28	2.5465014794898477E-28	5.055485390248319E-28	5.316934587370424E-29
4.819999999986694	2.50898391075823E-28	2.5526297498796724E-28	5.061613660637903E-28	5.329730029689564E-29
4.829999999986315	2.508983910757989E-28	2.558357858166887E-28	5.067341768924876E-28	5.341689958760013E-29
4.839999999985936	2.50898391075775E-28	2.5636332868148E-28	5.0726171975725505E-28	5.352704721275255E-29
4.849999999985558	2.5089839107575263E-28	2.568407668630687E-28	5.0773915793882135E-28	5.362673329585386E-29
4.859999999985179	2.508983910757298E-28	2.572637230215079E-28	5.081621140972377E-28	5.371504387591279E-29
4.869999999984801	2.5089839107570774E-28	2.5762831932934757E-28	5.085267104050553E-28	5.379116928699908E-29
4.879999999984422	2.5089839107568214E-28	2.5793121302505336E-28	5.088296041007355E-28	5.385441158157326E-29
4.8899999999840436	2.508983910756492E-28	2.5816962706078824E-28	5.090680181364374E-28	5.390419092955021E-29
4.899999999983665	2.508983910756162E-28	2.583413755634484E-28	5.0923976663906465E-28	5.394005093440306E-29
4.909999999983286	2.5089839107558223E-28	2.584448838755977E-28	5.093432749511799E-28	5.396166281758395E-29
4.919999999982908	2.60003589457326E-28	2.631275026402773E-28	5.231310920976033E-28	5.493936410187232E-29
4.929999999982529	2.676369277364192E-28	2.669652449502742E-28	5.346021726866934E-28	5.574066050754042E-29
4.939999999982151	2.676369277363815E-28	2.6697461418232398E-28	5.346115419187055E-28	5.574261674413969E-29
4.949999999981772	2.676369277363462E-28	2.66990055765902E-28	5.346269835022482E-28	5.574584084946502E-29
4.9599999999813935	2.676369277363106E-28	2.6701142812653218E-28	5.346483558628428E-28	5.575030326365812E-29
4.969999999981015	2.676369277362751E-28	2.670385353140563E-28	5.346754630503314E-28	5.5755963073561E-29
4.979999999980636	2.6763692773624926E-28	2.6707112879919054E-28	5.347080565354398E-28	5.576276838782566E-29
4.989999999980258	2.676369277362251E-28	2.671089097521038E-28	5.347458374883289E-28	5.577065681266681E-29
4.999999999979879	2.6763692773620177E-28	2.6715153178224606E-28	5.347884595184478E-28	5.577955602392086E-29
5.009999999979501	2.6763692773617644E-28	2.671986041141781E-28	5.348355318503545E-28	5.578938443013908E-29
5.019999999979122	2.67636927736152E-28	2.672496951703538E-28	5.348866229065058E-28	5.580005192065005E-29
5.0299999999787435	2.676369277361276E-28	2.67304336527991E-28	5.349412642641186E-28	5.581146069172919E-29
5.039999999978365	2.6763692773609343E-28	2.6736202721375206E-28	5.349989549498455E-28	5.582350614330119E-29
5.049999999977986	2.6763692773605756E-28	2.6742223829687503E-28	5.3505916603293255E-28	5.58360778379567E-29
5.059999999977608	2.6763692773602173E-28	2.6748441773860666E-28	5.351213454746284E-28	5.584906051348346E-29
5.069999999977229	2.676369277359866E-28	2.675479954535087E-28	5.351849231894953E-28	5.586233513963511E-29
5.079999999976851	2.6763692773595133E-28	2.676123885362286E-28	5.3524931627217995E-28	5.587578000944801E-29
5.089999999976472	2.6763692773591416E-28	2.676770066058045E-28	5.353139343417187E-28	5.588927185509838E-29
5.099999999976093	2.6763692773587887E-28	2.677412572185057E-28	5.353781849543846E-28	5.590268697806933E-29
5.109999999975715	2.6763692773583985E-28	2.6780455129958795E-28	5.354414790354278E-28	5.591590238326712E-29
5.119999999975336	2.6763692773580434E-28	2.678663085441688E-28	5.355032362799731E-28	5.592879690668984E-29
5.129999999974958	2.6763692773576793E-28	2.679259627376774E-28	5.355628904734453E-28	5.594125232630384E-29
5.139999999974579	2.676369277357375E-28	2.6798296694714327E-28	5.356198946828808E-28	5.595315444595215E-29
5.1499999999742005	2.676369277357117E-28	2.680367985356846E-28	5.356737262713963E-28	5.596439414234792E-29
5.159999999973822	2.6763692773568663E-28	2.68086963954244E-28	5.357238916899306E-28	5.597486836555874E-29
5.169999999973443	2.6763692773566224E-28	2.6813300326664624E-28	5.357699310023085E-28	5.59844810838101E-29
5.179999999973065	2.6763692773563672E-28	2.6817449436646917E-28	5.358114221021059E-28	5.599314416394155E-29
5.189999999972686	2.676369277356131E-28	2.6821105684709034E-28	5.358479845827035E-28	5.600077817944793E-29
5.199999999972308	2.6763692773558345E-28	2.6824235548938805E-28	5.358792832249715E-28	5.60073131386895E-29
5.209999999971929	2.6763692773554655E-28	2.6826810333516617E-28	5.359050310707127E-28	5.601268912660352E-29
5.2199999999715505	2.6763692773550843E-28	2.6828806431810993E-28	5.359249920536184E-28	5.601685685403139E-29
5.229999999971172	2.676369277354732E-28	2.683020554281253E-28	5.359389831635985E-28	5.601977810961893E-29
5.239999999970793	2.6763692773543534E-28	2.6830994838923905E-28	5.359468761246744E-28	5.602142611015145E-29
5.247899999970494	2.7605556408139373E-28	2.724990278443306E-28	5.485545919257243E-28	5.689607949729502E-29
5.249999999970415	2.8432402116096946E-28	2.7655139161373398E-28	5.608754127747034E-28	5.77421875109634E-29
5.259999999970036	2.8432402116093193E-28	2.76601911376739E-28	5.609259325376709E-28	5.775273571906108E-29
5.269999999969658	2.843240211608921E-28	2.7672323046386785E-28	5.6104725162476E-28	5.777806637979932E-29
5.279999999969279	2.843240211608559E-28	2.7691423657429333E-28	5.6123825773514925E-28	5.781794725177602E-29
5.2899999999689005	2.843240211608201E-28	2.7717317848930133E-28	5.614971996501214E-28	5.787201269156135E-29
5.299999999968522	2.8432402116078314E-28	2.77497682128159E-28	5.618217032889421E-28	5.793976700606171E-29
5.309999999968143	2.8432402116075306E-28	2.7788477231461563E-28	5.622087934753687E-28	5.802058899722801E-29
5.319999999967765	2.843240211607291E-28	2.7833090005447347E-28	5.626549212152026E-28	5.811373765744048E-29
5.329999999967386	2.8432402116070256E-28	2.788319750741583E-28	5.631559962348609E-28	5.821835896335715E-29
5.339999999967008	2.8432402116067584E-28	2.7938340332195525E-28	5.637074244826311E-28	5.83334937059355E-29
5.349999999966629	2.8432402116065266E-28	2.7998012908805627E-28	5.64304150248709E-28	5.845808628483294E-29
5.35999999996625	2.8432402116061902E-28	2.806166813572897E-28	5.649407025179087E-28	5.85909943865645E-29
5.369999999965872	2.8432402116058E-28	2.812872239695386E-28	5.656112451301186E-28	5.873099945768216E-29
5.379999999965493	2.8432402116054365E-28	2.8198560912793126E-28	5.6630963028847495E-28	5.887681787694764E-29
5.389999999965115	2.8432402116050616E-28	2.8270543376423725E-28	5.670294549247434E-28	5.902711272407191E-29
5.399999999964736	2.8432402116047087E-28	2.834400982447142E-28	5.6776411940518505E-28	5.918050603712598E-29
5.4099999999643575	2.8432402116043343E-28	2.841828668781217E-28	5.685068880385552E-28	5.933559144623282E-29
5.419999999963979	2.8432402116039715E-28	2.849269296711776E-28	5.692509508315747E-28	5.949094706771734E-29
5.4299999999636	2.843240211603623E-28	2.8566546476523947E-28	5.699894859256018E-28	5.964514854049211E-29
5.439999999963222	2.84324021160323E-28	2.8639170098176905E-28	5.70715722142092E-28	5.979678208515593E-29
5.449999999962843	2.8432402116028715E-28	2.870989799031492E-28	5.714230010634364E-28	5.994445746607727E-29
5.459999999962465	2.843240211602476E-28	2.877808169196518E-28	5.721048380798994E-28	6.008682073761632E-29
5.469999999962086	2.8432402116021002E-28	2.884309606828892E-28	5.727549818430992E-28	6.022256665763096E-29
5.4799999999617075	2.8432402116018545E-28	2.890434504206179E-28	5.733674715808034E-28	6.035045065444654E-29
5.489999999961329	2.8432402116015935E-28	2.89612670587405E-28	5.7393669174756435E-28	6.04693002375705E-29
5.49999999996095	2.8432402116013254E-28	2.901334023501788E-28	5.744574235103113E-28	6.057802574755092E-29
5.509999999960572	2.843240211601076E-28	2.9060087143651286E-28	5.749248925966205E-28	6.067563034639661E-29
5.519999999960193	2.843240211600811E-28	2.9101079190701778E-28	5.753348130670989E-28	6.076121915697667E-29
5.529999999959815	2.8432402116004025E-28	2.9135940545052305E-28	5.756834266105633E-28	6.083400746760669E-29
5.539999999959436	2.843240211600016E-28	2.916435158417501E-28	5.759675370017517E-28	6.089332792659377E-29
5.5499999999590575	2.843240211599634E-28	2.918605182455355E-28	5.761845394054989E-28	6.093863666077366E-29
5.559999999958679	2.8432402115992604E-28	2.920084230989842E-28	5.763324442589103E-28	6.096951826195377E-29
5.5699999999583	2.8432402115988986E-28	2.920858743525622E-28	5.76409895512452E-28	6.098568959553832E-29
5.579999999957922	3.010669838788153E-28	3.0057588833823976E-28	6.016428722170551E-28	6.275835100458455E-29
5.589999999957543	3.010669838787767E-28	3.0058007467654585E-28	6.0164705855532255E-28	6.275922508563706E-29
5.599999999957165	3.0106698387873876E-28	3.0058872519092977E-28	6.016557090696685E-28	6.276103125851766E-29
5.609999999956786	3.0106698387869953E-28	3.0060176057009015E-28	6.016687444487897E-28	6.276375296352649E-29
5.619999999956407	3.010669838786623E-28	3.0061906130057567E-28	6.01686045179238E-28	6.27673652470082E-29
5.629999999956029	3.0106698387862253E-28	3.006404687625218E-28	6.017074526411443E-28	6.277183499013484E-29
5.63999999995565	3.0106698387858514E-28	3.0066578668394657E-28	6.017327705625317E-28	6.277712121255363E-29
5.649999999955272	3.010669838785576E-28	3.006947829402556E-28	6.017617668188132E-28	6.278317544811231E-29
5.659999999954893	3.0106698387853007E-28	3.0072719168242223E-28	6.017941755609523E-28	6.278994218920974E-29
5.6699999999545145	3.010669838785039E-28	3.007627157744266E-28	6.018296996529305E-28	6.279735939571773E-29
5.679999999954136	3.010669838784738E-28	3.0080102951749774E-28	6.018680133959715E-28	6.280535906378576E-29
5.689999999953757	3.010669838784325E-28	3.008417816362542E-28	6.019087655146867E-28	6.28138678493282E-29
5.699999999953379	3.0106698387839416E-28	3.008845984993412E-28	6.019515823777353E-28	6.282280774047311E-29
5.709999999953	3.010669838783565E-28	3.0092908754501644E-28	6.019960714233729E-28	6.283209677280296E-29
5.719999999952622	3.0106698387831703E-28	3.009748408803082E-28	6.020418247586252E-28	6.28416497808361E-29
5.729999999952243	3.0106698387828107E-28	3.010214390207525E-28	6.020884228990336E-28	6.285137917886047E-29
5.7399999999518645	3.010669838782453E-28	3.0106845473636356E-28	6.021354386146088E-28	6.286119576394771E-29
5.749999999951486	3.010669838782053E-28	3.0111545696867875E-28	6.02182440846884E-28	6.287100953380777E-29
5.759999999951107	3.0106698387816676E-28	3.0116201478286602E-28	6.022289986610328E-28	6.288073051196384E-29
5.769999999950729	3.0106698387812587E-28	3.0120770131866897E-28	6.022746851967948E-28	6.289026957268476E-29
5.77999999995035	3.010669838780875E-28	3.012520977040627E-28	6.023190815821502E-28	6.289953925813184E-29
5.789999999949972	3.010669838780473E-28	3.012947968956228E-28	6.023617807736701E-28	6.29084545802036E-29
5.799999999949593	3.0106698387800605E-28	3.013354074104644E-28	6.024023912884705E-28	6.291693379974113E-29
5.8099999999492145	3.010669838779789E-28	3.013735569155141E-28	6.0244054079349295E-28	6.292489917594545E-29
5.819999999948836	3.01066983877952E-28	3.014088956411831E-28	6.024758795191352E-28	6.293227767913095E-29
5.829999999948457	3.010669838779265E-28	3.014410995882161E-28	6.025080834661426E-28	6.293900166029526E-29
5.839999999948079	3.0106698387790166E-28	3.0146987349823623E-28	6.025368573761379E-28	6.294500947135023E-29
5.8499999999477	3.0106698387786157E-28	3.014949535607759E-28	6.025619374386375E-28	6.295024603033301E-29
5.859999999947322	3.0106698387781866E-28	3.0151610983202206E-28	6.025830937098408E-28	6.295466332642469E-29
5.869999999946943	3.010669838777771E-28	3.0153314834300675E-28	6.0260013222078385E-28	6.295822086012736E-29
5.879999999946564	3.0106698387773907E-28	3.015459128779995E-28	6.026128967557386E-28	6.296088601458109E-29
5.889999999946186	3.0106698387770167E-28	3.015542864067496E-28	6.026212702844512E-28	6.296263435460713E-29
5.899999999945807	3.0106698387766423E-28	3.0155819215747076E-28	6.02625176035135E-28	6.296344985074039E-29
5.903839999945662	3.094719875676083E-28	3.0573883414332906E-28	6.152108217109373E-28	6.383634154748807E-29
5.909999999945429	3.1779493774776116E-28	3.0983659932929074E-28	6.276315370770519E-28	6.469192909077614E-29
5.91999999994505	3.1779493774772363E-28	3.0991794616510655E-28	6.277128839128302E-28	6.470891379737874E-29
5.9299999999446715	3.1779493774768287E-28	3.100715123421737E-28	6.278664500898566E-28	6.474097744724797E-29
5.939999999944293	3.177949377476449E-28	3.1029588990573277E-28	6.280908276533777E-28	6.47878260683042E-29
5.949999999943914	3.177949377476018E-28	3.105890216745367E-28	6.2838395942213845E-28	6.484903013406909E-29
5.959999999943536	3.177949377475596E-28	3.109482201019066E-28	6.2874315784946615E-28	6.492402850173524E-29
5.969999999943157	3.177949377475198E-28	3.113701919162002E-28	6.2916512966372E-28	6.501213355694074E-29
5.979999999942779	3.177949377474945E-28	3.118510683148227E-28	6.296460060623172E-28	6.511253751808818E-29
5.9899999999424	3.17794937747467E-28	3.1238644043490427E-28	6.301813781823713E-28	6.52243198423987E-29
5.9999999999420215	3.1779493774744054E-28	3.1297139977550337E-28	6.307663375229439E-28	6.534645566581318E-29
6.009999999941643	3.1779493774740117E-28	3.1360058320063226E-28	6.313955209480334E-28	6.547782519934033E-29
6.019999999941264	3.177949377473576E-28	3.142682221106197E-28	6.320631598579773E-28	6.561722399572736E-29
6.029999999940886	3.1779493774731656E-28	3.1496819533087217E-28	6.327631330781888E-28	6.576337399229987E-29
6.039999999940507	3.1779493774727387E-28	3.156940852331869E-28	6.334890229804608E-28	6.591493522873838E-29
6.049999999940129	3.1779493774723566E-28	3.1643923657508523E-28	6.342341743223209E-28	6.607051813236028E-29
6.05999999993975	3.177949377471988E-28	3.1719681751768307E-28	6.349917552648819E-28	6.622869625826649E-29
6.0699999999393714	3.1779493774716145E-28	3.1795988226265815E-28	6.357548200098196E-28	6.638801936754558E-29
6.079999999938993	3.17794937747124E-28	3.187214347340432E-28	6.365163724811672E-28	6.654702672363067E-29
6.089999999938614	3.1779493774708213E-28	3.1947449272098205E-28	6.372694304680642E-28	6.670426048490274E-29
6.099999999938236	3.1779493774704334E-28	3.2021215189338863E-28	6.38007089640432E-28	6.685827907075667E-29
6.109999999937857	3.177949377470037E-28	3.209276491035089E-28	6.387225868505126E-28	6.700767037856843E-29
6.119999999937479	3.1779493774696056E-28	3.21614424393132E-28	6.394093621400926E-28	6.71510647304099E-29
6.1299999999371	3.1779493774691913E-28	3.222661811378489E-28	6.40061118884768E-28	6.728714743079112E-29
6.139999999936721	3.177949377468873E-28	3.228769437769678E-28	6.406718815238551E-28	6.741467082030258E-29
6.149999999936343	3.17794937746859E-28	3.234411125997789E-28	6.412360503466379E-28	6.753246571464213E-29
6.159999999935964	3.1779493774683097E-28	3.239535150859028E-28	6.417484528327338E-28	6.763945212415613E-29
6.169999999935586	3.1779493774679832E-28	3.244094533289689E-28	6.422043910757672E-28	6.773464915560449E-29
6.179999999935207	3.177949377467563E-28	3.2480474710887745E-28	6.4259968485563375E-28	6.781718400537764E-29
6.1899999999348285	3.1779493774671366E-28	3.251357722176852E-28	6.429307099643988E-28	6.788629996169983E-29
6.19999999993445	3.1779493774667245E-28	3.2539949368775342E-28	6.431944314344259E-28	6.794136334245698E-29
6.209999999934071	3.177949377466334E-28	3.2559349361752012E-28	6.433884313641535E-28	6.798186930504258E-29
6.219999999933693	3.1779493774659093E-28	3.257159933397629E-28	6.435109310863538E-28	6.800744647495125E-29
6.229999999933314	3.1779493774655232E-28	3.2576586972913025E-28	6.435608074756826E-28	6.801786035068847E-29
6.239999999932936	3.345021396195207E-28	3.342214065750459E-28	6.687235461945666E-28	6.978332315025615E-29
6.249999999932557	3.345021396194831E-28	3.3422488367307315E-28	6.6872702329255625E-28	6.978404914640866E-29
6.2599999999321785	3.3450213961944423E-28	3.3423090276437664E-28	6.687330423838208E-28	6.978530589473548E-29
6.2699999999318	3.3450213961940477E-28	3.3423940866357594E-28	6.687415482829807E-28	6.978708187287702E-29
6.279999999931421	3.3450213961936203E-28	3.3425032338526004E-28	6.687524630046221E-28	6.978936079797096E-29
6.289999999931043	3.3450213961931737E-28	3.342635468589903E-28	6.687656864783077E-28	6.979212177594046E-29
6.299999999930664	3.3450213961927275E-28	3.342789578467898E-28	6.687810974660626E-28	6.979533949306006E-29
6.309999999930286	3.34502139619244E-28	3.3429641505471433E-28	6.687985546739583E-28	6.979898444804479E-29
6.319999999929907	3.3450213961921406E-28	3.3431575842823722E-28	6.688178980474513E-28	6.980302322251826E-29
6.329999999929528	3.3450213961918303E-28	3.343368106197465E-28	6.688389502389295E-28	6.980741878741691E-29
6.33999999992915	3.3450213961913957E-28	3.3435937861451096E-28	6.688615182336505E-28	6.981213084248136E-29
6.349999999928771	3.3450213961909568E-28	3.343832555003372E-28	6.688853951194329E-28	6.981711618574978E-29
6.359999999928393	3.345021396190555E-28	3.3440822236460043E-28	6.689103619836559E-28	6.982232910964591E-29
6.369999999928014	3.34502139619013E-28	3.344340503013143E-28	6.689361899203273E-28	6.982772182004252E-29
6.379999999927636	3.3450213961897236E-28	3.3446050250986315E-28	6.689626421288355E-28	6.983324487446359E-29
6.389999999927257	3.3450213961893173E-28	3.344873364660541E-28	6.689894760849858E-28	6.983884763538625E-29
6.399999999926878	3.3450213961889416E-28	3.3451430614568614E-28	6.690164457645803E-28	6.984447873450796E-29
6.4099999999265	3.3450213961885573E-28	3.3454116428018814E-28	6.690433038990439E-28	6.985008654370956E-29
6.419999999926121	3.3450213961881654E-28	3.3456766462367953E-28	6.690698042424961E-28	6.985561964840325E-29
6.429999999925743	3.3450213961877667E-28	3.345935642106492E-28	6.690957038294258E-28	6.986102731892169E-29
6.439999999925364	3.34502139618737E-28	3.34618625583568E-28	6.69120765202305E-28	6.986625997562942E-29
6.4499999999249855	3.345021396186945E-28	3.346426189699516E-28	6.691447585886461E-28	6.987126964347995E-29
6.459999999924607	3.3450213961865053E-28	3.3466532438905613E-28	6.691674640077067E-28	6.987601039188044E-29
6.469999999924228	3.3450213961861506E-28	3.3468653366872147E-28	6.691886732873365E-28	6.988043875579596E-29
6.47999999992385	3.3450213961858843E-28	3.3470605235397646E-28	6.692081919725649E-28	6.988451413425413E-29
6.489999999923471	3.3450213961856143E-28	3.347237014898821E-28	6.692258411084435E-28	6.988819916259162E-29
6.499999999923093	3.3450213961852117E-28	3.347393192622508E-28	6.692414588807719E-28	6.989146005502596E-29
6.509999999922714	3.345021396184778E-28	3.3475276248124497E-28	6.692549020997228E-28	6.989426691442153E-29
6.5199999999223355	3.345021396184368E-28	3.347639078941792E-28	6.69266047512616E-28	6.98965940063945E-29
6.529999999921957	3.3450213961839704E-28	3.3477265331554585E-28	6.692747929339429E-28	6.98984199952549E-29
6.539999999921578	3.3450213961835637E-28	3.3477891856390106E-28	6.692810581822574E-28	6.989972813962264E-29
6.5499999999212	3.3450213961831727E-28	3.3478264619699937E-28	6.692847858153167E-28	6.990050644591892E-29
6.559789999920829	3.4294794604879315E-28	3.389838728387333E-28	6.8193181888752645E-28	7.077769608907169E-29
6.559789999920829	3.4294794604879315E-28	3.389838728387333E-28	6.8193181888752645E-28	7.077769608907169E-29

#Absolute change in energy: 6.652055998875264E-28J
#Percentage change: 3977.0231388667476%
#Absolute change in angular momentum: 6.903153153677682E-29kgm^2s^-1
#Percentage change: 3953.3233821550843%