# EMSIM OUTPUT FILE 
# PARAMETERS OF SIMULATION RUN 
# ---------------------------- 
# Mode               : 1 
# Magnetic field?      true
# Failing field?       false
# Point charge?        false
# Electric field?      true
# Magnetic strength  : 1.0E-7T 
# Electric strength  : 1.0E-7NC^-1 
# Phase              : 1.5707963267948966
# Algorithm          : 3
# Time-step          : 1.0E-6s 
# Number of Turns    : 10.0
# Number of particles: 1
# Spread in x        : 0.0m 
# Spread in y        : 0.0m 
# Spread in z        : 0.0m 
# Intial average v   : 0.1ms^-1 
# Intial v_sigma     : 0.0ms^-1 
# ----------------------------- 
x 	 y 	 z 
0.0061984041552724896	0.012024054747663934	0.0
0.019672044907942377	0.01392331938713037	0.0
0.028976387821923116	0.003994719131259294	0.0
0.024808049156082822	-0.0132192433081001	0.0
0.00713147378223422	-0.020822377794814943	0.0
-0.009256278339044119	-0.01073704444558171	0.0
-0.012228618239335312	2.6853251884418804E-7	0.0
-0.010025089855368359	0.01038416904964116	0.0
0.008394214485694487	0.025087671582652633	0.0
0.031017181094791655	0.018479325527948388	0.0
0.038580007308304375	-0.004425057255392486	0.0
0.022560725657389334	-0.02642511339817631	0.0
-0.0046500466515023205	-0.025977317944188796	0.0
-0.01993690025751255	-0.003461866520250786	0.0
-0.020140461666463678	3.8459653402589265E-7	0.0
-0.00915110919984757	0.024592595398289365	0.0
0.020319154922160444	0.032161037826974846	0.0
0.043462911666603724	0.012408751721413978	0.0
0.04011572378024868	-0.01959384986410291	0.0
0.011178239759981966	-0.03613405564729542	0.0
-0.018997751166491994	-0.02197862722213393	0.0
-0.026442996165096374	2.9586580742927926E-7	0.0
-0.024643788862032147	0.011718460980593346	0.0
7.686812726881734E-4	0.03722089151045943	0.0
0.036247805637687015	0.03110441961169731	0.0
0.05165227156743693	-0.0015355959054932028	0.0
0.03267134802789855	-0.035018210312372636	0.0
-0.005635622087706217	-0.03875325497661641	0.0
-0.03072709993526158	-0.009567541865913813	0.0
-0.03183788728222009	4.1350093483570996E-7	0.0
-0.020647201097203374	0.029429608228860274	0.0
0.017485442966991685	0.044006058141601426	0.0
0.051344686386196166	0.021199516053822046	0.0
0.05191896429393241	-0.02067797296231035	0.0
0.017224877693698504	-0.0461360583395572	0.0
-0.023557272353874607	-0.03240190439285349	0.0
-0.036631023118192656	2.7054359013082767E-7	0.0
-0.035741619574128476	0.009290637408122731	0.0
-0.007720659071793735	0.04467223632484096	0.0
0.037339970717642314	0.042105116726415585	0.0
0.06116148576543731	0.0037696948332286945	0.0
0.04271564390698323	-0.039447779353618324	0.0
-0.0033793772397162497	-0.049321932512991835	0.0
-0.03797263783211805	-0.017297307818066043	0.0
-0.040986350536445205	4.1251653601436824E-7	0.0
-0.03129680287414301	0.0306230077592039	0.0
0.012247887382888355	0.05323523032533017	0.0
0.05579353661391723	0.030624366090137523	0.0
0.062229621180540054	-0.018682119733097316	0.0
0.024865154550594164	-0.05327461149308456	0.0
-0.024924903204608672	-0.04261075707633594	0.0
-0.04500783875423528	7.56224486707834E-7	0.0
-0.04483828333458349	0.0044004404758709375	0.0
-0.01702159972478122	0.049169139477355864	0.0
0.03559997440339432	0.0521690933164186	0.0
0.06832471489953727	0.010851462262740008	0.0
0.052827376533065455	-0.040986915580020676	0.0
0.0012383547346982238	-0.05836318962410165	0.0
-0.04265194018440394	-0.026160219701247572	0.0
-0.04876146819379149	6.737306381464503E-7	0.0
-0.04133697897030369	0.029135828802318055	0.0
0.0052005266159892965	0.06048604882069888	0.0
0.05761531178099384	0.040453702300881314	0.0
0.07133415932078062	-0.014348687591578459	0.0
0.03369609070467626	-0.058135043942037674	0.0
-0.02377175107073797	-0.0525362080795442	0.0
-0.05225069879084029	-0.002307929907635541	0.0
-0.05229322496134063	6.471790328711832E-7	0.0
-0.026869690353474224	0.051247758689053534	0.0
0.03158920544405701	0.06133202841147601	0.0
0.0734667215654388	0.019314878022139468	0.0
0.06284382470025052	-0.04012615582572147	0.0
0.007745652140779641	-0.06598194169031951	0.0
-0.04509936745329127	-0.03578644243867009	0.0
-0.055637098616964774	6.701620113771874E-7	0.0
