# EMSIM OUTPUT FILE 
# PARAMETERS OF SIMULATION RUN 
# ---------------------------- 
# Mode               : 1 
# Magnetic field?      true
# Failing field?       false
# Point charge?        false
# Electric field?      false
# Magnetic strength  : 1.0E-7T 
# Electric strength  : 1.0E-7NC^-1 
# Phase              : 1.5707963267948966
# Algorithm          : 4
# Time-step          : 1.0E-5s 
# Number of Turns    : 10.0
# Number of particles: 1
# Spread in x        : 0.0m 
# Spread in y        : 0.0m 
# Spread in z        : 0.0m 
# Intial average v   : 0.1ms^-1 
# Intial v_sigma     : 0.0ms^-1 
# ----------------------------- 
x 	 y 	 z 
2.129368949127106E-5	6.66213228470403E-4	0.0
8.50587111596828E-5	0.001329709741084283	0.0
1.9103513309750826E-4	0.001987784745525649	0.0
3.3879094549810944E-4	0.002637755549960095	0.0
5.277238217313723E-4	0.003276972499228268	0.0
7.570635737284434E-4	0.0039028297763655123	0.0
0.0010258752916664758	0.004512776025414535	0.0
0.0013330631551542339	0.005104324752227328	0.0
0.0016773749003824118	0.005675064460854844	0.0
0.0020574069250278706	0.006222668484204304	0.0
0.0024716100101016634	0.0067449044688877415	0.0
0.002918295635415542	0.007239643475596584	0.0
0.0033956428629212543	0.0077048686579033	0.0
0.00390170575986276	0.008138683484110442	0.0
0.004434421331480131	0.008539319468630856	0.0
0.004991617930927904	0.00890514338137937	0.0
0.005571024112122594	0.009234663905788292	0.0
0.006170277889432078	0.009526537718303694	0.0
0.006786936366458076	0.009779574964578805	0.0
0.007418485694659915	0.009992744110040815	0.0
0.008062351321221926	0.010165176145056536	0.0
0.008715908484389325	0.010296168127554739	0.0
0.009376492913487248	0.010385186048662579	0.0
0.010041411690002637	0.010431867009674696	0.0
0.010707954225454753	0.010436020701479535	0.0
0.011373403311300993	0.010397630180412376	0.0
0.012035046195832727	0.01031685193737154	0.0
0.012690185642905577	0.010194015259916131	0.0
0.013336150927421717	0.010029620889945363	0.0
0.01397030872274132	0.00982433898243176	0.0
0.014590073835638866	0.009579006373528926	0.0
0.015192919745043167	0.009294623169190823	0.0
0.015776388901598055	0.008972348668209007	0.0
0.016338102746058396	0.008613496636287566	0.0
0.01687577140568014	0.008219529950421477	0.0
0.017387203029073834	0.007792054635410425	0.0
0.01787031272147129	0.007332813316819166	0.0
0.018323131043977498	0.006843678117071983	0.0
0.018743812042160087	0.006326643023643783	0.0
0.019130640771248507	0.005783815760456473	0.0
0.01948204028726326	0.005217409195618597	0.0
0.019796578075578223	0.004629732320534898	0.0
0.020072971890706726	0.004023180837160011	0.0
0.020310094983506555	0.0034002273917679384	0.0
0.02050698069449447	0.0027634114950497142	0.0
0.020662826394543966	0.0021153291696312726	0.0
0.020776996756903147	0.0014586223672134054	0.0
0.020849026347193052	7.959681984758229E-4	0.0
0.02087862152082758	1.3006801965045333E-4	0.0
0.020865661620121177	-5.363635797469141E-4	0.0
0.020810199466202092	-0.0012006098431341242	0.0
0.020712461143728024	-0.0018599629219172578	0.0
0.020572845079279718	-0.0025117349142338655	0.0
0.0203919204171895	-0.0031532688223849825	0.0
0.020170424699427432	-0.0037819493842865593	0.0
0.0199092608590004	-0.004395213734785434	0.0
0.019609493539122575	-0.004990561853378603	0.0
0.019272344753161474	-0.005565566755743791	0.0
0.018899188903051967	-0.006117884387535419	0.0
0.018491547176486014	-0.006645263180113413	0.0
0.0180510813457182	-0.007145553229249542	0.0
0.017579586993266436	-0.007616715059393407	0.0
0.01707898619212385	-0.008056827937770749	0.0
0.01655131967032113	-0.008464097704420241	0.0
0.015998738491781052	-0.008836864086248616	0.0
0.015423495287379036	-0.009173607465288615	0.0
0.014827935071955428	-0.009472955073567216	0.0
0.014214485684715722	-0.009733686589331589	0.0
0.013585647891990061	-0.009954739111817826	0.0
0.012943985192696239	-0.010135211494283168	0.0
0.012292113368066649	-0.010274368017637169	0.0
0.01163268981823966	-0.010371641389696104	0.0
0.010968402729186175	-0.010426635057833563	0.0
0.01030196011413239	-0.010439124825599586	0.0
0.009636078774152637	-0.010409059766717594	0.0
0.00897347322293518	-0.010336562432733103	0.0
0.008316844620869734	-0.010221928353467885	0.0
0.0076688697635682365	-0.010065624832315209	0.0
0.007032190169707152	-0.009868289041287438	0.0
0.006409401312675694	-0.009630725423581513	0.0
0.005803042039929367	-0.0093539024142506	0.0
0.005215584223179602	-0.009038948492350008	0.0
0.004649422681612524	-0.008687147580651672	0.0
0.004106865419215274	-0.008299933811679172	0.0
0.00359012421600849	-0.007878885681401014	0.0
0.003101305611539978	-0.007425719614414515	0.0
0.0026424023173968183	-0.006942282966850859	0.0
0.0022152850937432835	-0.006430546495527817	0.0
0.0018216951230002492	-0.005892596324048403	0.0
0.0014632369117558608	-0.005330625438595857	0.0
0.0011413717498432066	-0.004746924748093913	0.0
8.574117532500291E-4	-0.00414387374517541	0.0
6.12514515144714E-4	-0.003523930806030858	0.0
4.0767838682443833E-4	-0.0028896231686795166	0.0
2.4373840782319274E-4	-0.002243536630518172	0.0
1.2136290177096595E-4	-0.0015883050071455942	0.0
4.105075188152679E-5	-9.265993954345171E-4	0.0
3.129367175667285E-6	-2.6111728462115694E-4	0.0
-1.308945336190604E-7	1.9215809652354818E-7	0.0
7.753347730895016E-6	4.0542844019844914E-4	0.0
5.49038543989648E-5	0.001070320557337233	0.0
1.443886855608272E-4	0.001730848585467142	0.0
2.758430606062762E-4	0.0023843198330944435	0.0
4.4873110694455733E-4	0.0030280703755163345	0.0
6.623480444842204E-4	0.0036594759145103725	0.0
9.158230586771949E-4	0.0042759624764864045	0.0
0.0012081228504150676	0.004875016905489444	0.0
0.001538055848306455	0.00545419710827757	0.0
0.0019042770661637288	0.006011142009710009	0.0
0.0023052935858975444	0.006543581177861833	0.0
0.0027394706434681285	0.007049344079627234	0.0
0.003205038293083027	0.0075263689290806825	0.0
0.0037000986224750777	0.007972711092524207	0.0
0.004222633489846531	0.008386551015957595	0.0
0.004770512750940021	0.00876620164265433	0.0
0.005341502942697267	0.009110115290603895	0.0
0.005933276388106808	0.009416889961785349	0.0
0.00654342068512405	0.009685275057551007	0.0
0.007169448540981449	0.009914176476821124	0.0
0.007808807911798672	0.010102661076306039	0.0
0.008458892406157614	0.010249960474573615	0.0
0.009117051910233097	0.010355474184453666	0.0
0.009780603391161744	0.010418772061010217	0.0
0.010446841834611878	0.010439596055102075	0.0
0.011113051271964903	0.010417861265382503	0.0
0.01177651585215562	0.010353656284450176	0.0
0.01243453091303558	0.01024724283773885	0.0
0.013084414007127596	0.01009905471661909	0.0
0.013723515836822766	0.009909696010060035	0.0
0.014349231054442597	0.009679938642060406	0.0
0.014959008883139184	0.00941071922488702	0.0
0.015550363515335355	0.00910313524094911	0.0
0.016120884246315845	0.008758440568872695	0.0
0.016668245301660018	0.008378040372013233	0.0
0.01719021531845072	0.007963485370244192	0.0
0.01768466644161086	0.00751646551837209	0.0
0.01814958299828541	0.00703880311694841	0.0
0.01858306971490667	0.006532445383563246	0.0
0.0189833594434449	0.005999456514903655	0.0
0.01934882036534772	0.005442009271936036	0.0
0.01967796264380187	0.004862376122516028	0.0
0.019969444497196467	0.004262919977534239	0.0
0.020222077669030943	0.003646084558361737	0.0
0.02043483227196817	0.0030143844348632315	0.0
0.020606840986285044	0.0023703947745888116	0.0
0.020737402595605473	0.001716740844932413	0.0
0.020825984845502358	0.0010560873110516855	0.0
0.020872226613314088	3.9112737317734364E-4	0.0
0.02087593938033131	-2.7542821240547134E-4	0.0
0.020837108000350657	-9.408621839471769E-4	0.0
0.020755890761463825	-0.0016024618513465667	0.0
0.02063261874082871	-0.0022575301546297836	0.0
0.020467794455053454	-0.0029033966587147806	0.0
0.020262089811695007	-0.0035374284396403233	0.0
0.020016343370221998	-0.004157040817880715	0.0
0.019731556923609145	-0.004759707894991705	0.0
0.019408891414497163	-0.005342972850633627	0.0
0.019049662202566126	-0.005904457957994988	0.0
0.01865533370241624	-0.006441874276788344	0.0
0.01822751341381322	-0.006953030984303971	0.0
0.017767945368635712	-0.007435844306482438	0.0
0.017278503021237516	-0.007888346012597799	0.0
0.01676118161120814	-0.008308691438922187	0.0
0.01621809002966519	-0.00869516700866326	0.0
0.01565144222223599	-0.009046197217516974	0.0
0.015063548163774271	-0.009360351056360228	0.0
0.014456804441604134	-0.009636347844900571	0.0
0.013833684485681364	-0.009873062452500246	0.0
0.013196728485495666	-0.010069529884892407	0.0
0.012548533034821854	-0.010224949218091164	0.0
0.011891740546530718	-0.010338686863458022	0.0
0.011229028480613796	-0.010410279150614505	0.0
0.01056309842933191	-0.010439434217671226	0.0
0.00989666510398539	-0.010426033201068247	0.0
0.00923244526819947	-0.010370130720174644	0.0
0.008573146662841282	-0.010271954654673064	0.0
0.007921456967715457	-0.010131905215635974	0.0
0.007280032845037852	-0.009950553314079949	0.0
0.00665148910935095	-0.00972863823364911	0.0
0.006038388068032694	-0.009467064616914742	0.0
0.0054432290758510945	-0.009166898777576319	0.0
0.0048684383461476514	-0.008829364353597671	0.0
0.004316359060183803	-0.008455837318998268	0.0
0.003789241814971836	-0.008047840374634201	0.0
0.0032892354485292664	-0.007607036740835351	0.0
0.0028183782799588207	-0.007135223377202578	0.0
0.0023785898000650042	-0.0066343236572059235	0.0
0.001971662846380327	-0.00610637952744561	0.0
0.0015992562945009075	-0.005553543183538881	0.0
0.0012628882955255621	-0.004978068296566664	0.0
9.639300871671482E-4	-0.004382300825845901	0.0
7.036004037651272E-4	-0.0037686694554799442	0.0
4.829605079877857E-4	-0.0031396756936728797	0.0
3.0290986447797084E-4	-0.002497883675168328	0.0
1.6418247307900308E-4	-0.0018459097083845942	0.0
6.73438765889696E-5	-0.0011864116098570072	0.0
1.278885524156935E-5	-5.220778694666026E-4	0.0
-2.617871701119827E-7	3.8432101146139076E-7	0.0
7.398173123565179E-7	1.4438330937578328E-4	0.0
3.1245892411353084E-5	8.102550499120262E-4	0.0
1.0418273115846762E-4	0.0014728228775795194	0.0
2.1925301205854317E-4	0.002129385785764104	0.0
3.759876535098925E-4	0.0027772672466526704	0.0
5.737477260056776E-4	0.003413826122299162	0.0
8.117270567330498E-4	0.004036467431423664	0.0
0.0010889555159524409	0.004642652928053479	0.0
0.0014043029717599573	0.00522991144888154	0.0
0.0017564838971112638	0.0057958489871595	0.0
0.00214406261032605	0.0063381584520595296	0.0
0.00256545912771028	0.006854629073719538	0.0
0.0030189556044374734	0.007343155415631162	0.0
0.003502703337432424	0.007801745957631172	0.0
0.0040147303017099185	0.008228531214506615	0.0
0.004552949189446137	0.008621771357118583	0.0
0.0051151659190110735	0.008979863304974203	0.0
0.00569908857927386	0.009301347261335378	0.0
0.006302336772719648	0.009584912664222615	0.0
0.006922451319290307	0.00982940352905398	0.0
0.007556904281389884	0.010033823161139373	0.0
0.008203109269187835	0.010197338218819327	0.0
0.008858431984210024	0.010319282110684218	0.0
0.009520200958235213	0.010399157713025148	0.0
0.010185718443719004	0.010436639396437727	0.0
0.010852271411350867	0.010431574353317813	0.0
0.01151714260991072	0.010383983220836918	0.0
0.012177621643339413	0.010294059996857181	0.0
0.012831016019866479	0.010162171249129524	0.0
0.013474662128152537	0.009988854620997408	0.0
0.014105936095701564	0.009774816639698543	0.0
0.014722264485277007	0.009520929836198254	0.0
0.015321134785718416	0.009228229188296262	0.0
0.0159001056543903	0.008897907901506021	0.0
0.016456816869511115	0.008531312544906126	0.0
0.016988998951789208	0.008129937561793196	0.0
0.017494482416142078	0.007695419177513126	0.0
0.017971206615785235	0.007229528729305854	0.0
0.018417228142636164	0.0067341654453549485	0.0
0.018830728749788028	0.0062113487024794	0.0
0.019210022763756773	0.005663209794027875	0.0
0.01955356395628505	0.005091983241535604	0.0
0.01985995184768937	0.004499997685561641	0.0
0.02012793741605426	0.0038896663928408744	0.0
0.02035642818899907	0.0032634774184489243	0.0
0.020544492697260944	0.002623983463083969	0.0
0.02069136427193751	0.0019737914668141975	0.0
0.020796444169910437	0.001315551981711462	0.0
0.02085930401470808	6.519483666945437E-4	0.0
0.02087968754285613	-1.4314151369414821E-5	0.0
0.020857511648598937	-6.805195057128053E-4	0.0
0.020792866722729404	-0.0013439518619078245	0.0
0.02068601628414907	-0.0020019066891624237	0.0
0.020537395905658146	-0.0026517017855389154	0.0
0.020347611438355704	-0.003290688212150459	0.0
0.020117436541886427	-0.003916261091760709	0.0
0.019847809530604527	-0.004525870227765801	0.0
0.01953982954850846	-0.005117030500270078	0.0
0.019194752088542547	-0.0056873319968735086	0.0
0.01881398387452813	-0.0062344498368736845	0.0
0.018399077126590953	-0.006756153648832116	0.0
0.01795172323346026	-0.007250316662869204	0.0
0.01747374585743565	-0.0077149243806221264	0.0
0.016967093500128903	-0.00814808278752182	0.0
0.016433831559288122	-0.008548026073912073	0.0
0.015876133909083573	-0.008913123833532667	0.0
0.01529627403818028	-0.009241887710023206	0.0
0.014696615781721437	-0.009532977464352086	0.0
0.01407960368500617	-0.009785206438435591	0.0
0.013447753038144397	-0.00999754639267488	0.0
0.012803639622312355	-0.01016913169768965	0.0
0.012149889209409348	-0.010299262863160276	0.0
0.011489166857920872	-0.010387409389393372	0.0
0.010824166048624548	-0.010433211929985264	0.0
0.010157597704428145	-0.010436483756767145	0.0
0.009492179139099666	-0.010397211521060011	0.0
0.008830622979943071	-0.010315555308135955	0.0
0.008175626109574771	-0.010191847984662784	0.0
0.0075298586718825986	-0.010026593841793299	0.0
0.0068959531869836515	-0.009820466539429267	0.0
0.0062764938195554116	-0.009574306360041373	0.0
0.005674005844289206	-0.009289116783239171	0.0
0.005090945351409824	-0.00896606039505538	0.0
0.00452968923422793	-0.008606454148620258	0.0
0.003992525499542161	-0.008211763995545912	0.0
0.0034816439403909114	-0.0077835989099064255	0.0
0.0029991272091770453	-0.00732370432917503	0.0
0.0025469423275573215	-0.006833955038855765	0.0
0.0021269326677065725	-0.006316347529818321	0.0
0.0017408104376458802	-0.005772991859488899	0.0
0.0013901497012689997	-0.005206103050077286	0.0
0.0010763799615216214	-0.004617992058904974	0.0
8.007803328922448E-4	-0.004011056357644505	0.0
5.644743269707863E-4	-0.0033877701588747007	0.0
3.6842527233259205E-4	-0.0027506743297929814	0.0
2.1343238741881716E-4	-0.0021023660342032605	0.0
1.0012752242270339E-4	-0.0014454881450039364	0.0
2.8972583463809476E-5	-7.827184703363307E-4	0.0
2.5764955092403406E-7	-1.1675883731483477E-4	0.0
-3.926779114281647E-7	5.764887446791723E-7	0.0
1.4099790010166922E-5	5.496759221611292E-4	0.0
7.044258719930037E-5	0.0012138690386127749	0.0
1.6905636645412036E-4	0.0018731128800891542	0.0
3.095391323297103E-4	0.0025247199900273326	0.0
4.913182073201008E-4	0.0031660340428691326	0.0
7.13652566376102E-4	0.003794440672772563	0.0
9.756358577047662E-4	0.004407378131274381	0.0
0.0012762000975359395	0.00500234773045697	0.0
0.001614120023794447	0.00557692402904668	0.0
0.0019880180909295432	0.0061287647199195746	0.0
0.002396370085540364	0.0066556201787074986	0.0
0.0028375113399051284	0.007155342634578387	0.0
0.0033096435180837596	0.007625894925805833	0.0
0.0038108419469307176	0.00806535880443434	0.0
0.004339063462132238	0.008471942756187033	0.0
0.004892154737283907	0.008843989303735523	0.0
0.0054678610620534085	0.009179981763560392	0.0
0.006063835533644803	0.009478550428857334	0.0
0.0066776486240945595	0.009738478153283877	0.0
0.007306798084397029	0.009958705312783405	0.0
0.007948719145085615	0.010138334125259727	0.0
0.00860079497168532	0.010276632310491968	0.0
0.009260367332415172	0.010373036075370162	0.0
0.009924747434651835	0.01042715241228185	0.0
0.010591226885979946	0.01043876070127927	0.0
0.011257088735145096	0.010407813609496927	0.0
0.011919618547900407	0.010334437284151263	0.0
0.012576115472595082	0.01021893083833679	0.0
0.013223903250395377	0.010061765131713973	0.0
0.013860341125253986	0.009863580851059348	0.0
0.014482834609152563	0.009625185898502787	0.0
0.015088846058732019	0.009347552098098582	0.0
0.0156759050201937	0.009031811234155938	0.0
0.016241618300300558	0.008679250437479004	0.0
0.0167836797224236	0.00829130693832452	0.0
0.017299879527859198	0.007869562207466662	0.0
0.017788113384094948	0.007415735509253934	0.0
0.018246390963301273	0.006931676892937708	0.0
0.018672844056075742	0.006419359650846394	0.0
0.01906573418736541	0.005880872274147606	0.0
0.019423459703519375	0.005318409938991691	0.0
0.019744562301580577	0.004734265557744356	0.0
0.020027732974200584	0.004130820431788169	0.0
0.02027181734594058	0.003510534543997315	0.0
0.020475820379205922	0.0028759365304591427	0.0
0.02063891043062998	0.00222961337232341	0.0
0.02076042264136978	0.0015741998498010842	0.0
0.020839861647493962	9.123678013039004E-4	0.0
0.020876903599413174	2.468152315109382E-4	0.0
0.020871397482119837	-4.1974468723636195E-4	0.0
0.02082336573085574	-0.001084594675374015	0.0
0.0207330041396977	-0.0017450244233015559	0.0
0.020600681063432717	-0.0023983416401572857	0.0
0.020426935915977024	-0.0030418830291418127	0.0
0.02021247697145987	-0.003673025144647819	0.0
0.01995817847693566	-0.004289195086936176	0.0
0.019665077088494767	-0.004887880990761513	0.0
0.019334367645301172	-0.005466642265188261	0.0
0.018967398298784487	-0.006023119542854641	0.0
0.018565665016841915	-0.006555044298125454	0.0
0.018130805485454475	-0.007060248094924379	0.0
0.017664592432577217	-0.0075366714265464475	0.0
0.017168926401519968	-0.007982372111413862	0.0
0.01664582800327721	-0.008395533210550234	0.0
0.01609742967939152	-0.008774470434495831	0.0
0.015525967008929834	-0.009117639009469436	0.0
0.014933769595009427	-0.009423639974785993	0.0
0.01432325156802515	-0.00969122588585859	0.0
0.013696901744294812	-0.009919305899535257	0.0
0.013057273480237172	-0.010106950221040219	0.0
0.012406974263446283	-0.010253393894390464	0.0
0.011748655083093088	-0.010358039920836552	0.0
0.01108499962298691	-0.010420461692613918	0.0
0.010418713321352269	-0.010440404732083805	0.0
0.009752512341919295	-0.010417787729173756	0.0
0.009089112501288396	-0.010352702872887943	0.0
0.008431218197706687	-0.010245415475536488	0.0
0.007781511386389881	-0.010096362891214615	0.0
0.007142640646331737	-0.00990615273294073	0.0
0.006517210383170687	-0.009675560395721467	0.0
0.005907770212131064	-0.009405525895640438	0.0
0.005316804564317425	-0.009097150037856494	0.0
0.004746722558734639	-0.00875168992913263	0.0
0.004199848181320447	-0.008370553853189099	0.0
0.003678410811026601	-0.007955295529771249	0.0
0.0031845361315698583	-0.007507607780835647	0.0
0.002720237465901705	-0.007029315629673524	0.0
0.002287407568723015	-0.0065223688611051964	0.0
0.0018878109105014544	-0.0059888340730727034	0.0
0.001523076484447123	-0.005430886252033288	0.0
0.0011946911657689657	-0.004850799906497014	0.0
9.039936502841898E-4	-0.004250939794853319	0.0
6.521689970898821E-4	-0.003633751285285186	0.0
4.4024379754451496E-4	-0.0030017503870689126	0.0
2.690819902535438E-4	-0.0023575134938978396	0.0
1.393813391195747E-4	-0.001703666881042408	0.0
5.1670588814896314E-5	-0.0010428759991611789	0.0
6.307309272418763E-6	-3.778346084080339E-4	0.0
-5.236091906610542E-7	1.0196119416692064E-7	0.0
3.4764379823009586E-6	2.887462028690628E-4	0.0
4.3189526036866975E-5	9.541490700718284E-4	0.0
1.2528469099755039E-4	0.0016156614298837853	0.0
2.494272767761842E-4	0.0022705865782324803	0.0
4.151112178407614E-4	0.0029162546636030823	0.0
6.216611021845791E-4	0.003550033570888536	0.0
8.682349246490622E-4	0.004169339651407025	0.0
0.0011538275193763603	0.004771648255345498	0.0
0.0014772746573992635	0.005354504023692902	0.0
0.0018372577926644017	0.005915530897706419	0.0
0.00223230943714143	0.006452441805107583	0.0
0.002660819143106498	0.006963047983520873	0.0
0.0031210400682125682	0.007445267903147108	0.0
0.0036110960965842005	0.00789713575229795	0.0
0.00412898948690677	0.008316809451199005	0.0
0.004672609016332877	0.00870257816139386	0.0
0.005239738587006531	0.009052869260133684	0.0
0.0058280662601196105	0.009366254751323196	0.0
0.006435193680673777	0.009641457086887257	0.0
0.0070586458545263825	0.009877354374826591	0.0
0.007695881237863907	0.010072984952731486	0.0
0.008344302097972336	0.010227551308109008	0.0
0.009001265103069294	0.01034042332954238	0.0
0.009664092098025302	0.010411140875428639	0.0
0.010330081022048607	0.010439415649822351	0.0
0.01099651692382573	0.010425132377738846	0.0
0.01166068302921408	0.010368349275125192	0.0
0.012319871816368084	0.010269297811582812	0.0
0.012971396053150498	0.010128381766808942	0.0
0.013612599751834648	0.009946175584603523	0.0
0.014240868996438033	0.009723422031150838	0.0
0.014853642598551861	0.009461029167122206	0.0
0.015448422538224097	0.00916006664594302	0.0
0.016022784147334886	0.008821761353314132	0.0
0.016574385993951248	0.008447492405763469	0.0
0.017100979427365083	0.008038785528616447	0.0
0.0176004177449038	0.007597306836303512	0.0
0.01807066494314577	0.0071248560403594004	0.0
0.01850980401786418	0.006623359112802771	0.0
0.0189160447788636	0.00609486043480399	0.0
0.01928773114785287	0.005541514462647237	0.0
0.01962334790960216	0.004965576944961419	0.0
0.019921526888863735	0.004369395727023088	0.0
0.020181052527874978	0.003755401179618565	0.0
0.020400866841706354	0.003126096291482356	0.0
0.020580073731254218	0.0024840464657003825	0.0
0.020717942636294746	0.00183186906167459	0.0
0.020813911513708067	0.0011722227252808203	0.0
0.020867589128730508	5.077965507165786E-4	0.0
0.02087875664989468	-1.587008817784622E-4	0.0
0.020847368541156836	-8.245525476412157E-4	0.0
0.02077355274757088	-0.001487044054130583	0.0
0.020657610173755843	-0.0021434747057468705	0.0
0.02050001345728035	-0.002791168513816219	0.0
0.020301405041965294	-0.003427485105358748	0.0
0.020062594558957862	-0.004049830486769341	0.0
0.019784555526254632	-0.004655667618432427	0.0
0.019468421380126097	-0.005242526757162578	0.0
0.01911548085462307	-0.005808015524308538	0.0
0.01872717272799754	-0.006349828658477927	0.0
0.01830507995745808	-0.006865757413124687	0.0
0.01785092322616595	-0.007353698560689037	0.0
0.01736655392878116	-0.007811662966583886	0.0
0.016853946624151142	-0.008237783698075046	0.0
0.016315190985909472	-0.008630323634999786	0.0
0.015752483283799877	-0.008987682551295277	0.0
0.015168117430450339	-0.009308403638471314	0.0
0.01456447563009642	-0.009591179444432408	0.0
0.013944018667375744	-0.009834857203438916	0.0
0.01330927587578164	-0.01003844353547962	0.0
0.012662834826668839	-0.01020110849589779	0.0
0.012007330780846148	-0.010322188958762742	0.0
0.011345435945757232	-0.010401191320192998	0.0
0.010679848582042153	-0.010437793510611654	0.0
0.010013282003889597	-0.010431846307729845	0.0
0.00934845351801813	-0.010383373944906509	0.0
0.008688073346379898	-0.010292574012403442	0.0
0.008034833577742425	-0.010159816651938604	0.0
0.007391397193189148	-0.009985643047820266	0.0
0.006760387210276175	-0.009770763220813817	0.0
0.006144375990101198	-0.009516053133733523	0.0
0.00554587475087419	-0.009222551120558998	0.0
0.004967323330738846	-0.008891453653632891	0.0
0.004411080241577112	-0.008524110466194808	0.0
0.0038794130543439655	-0.008122019050135244	0.0
0.0033744891551269933	-0.007686818551398836	0.0
0.0028983669096140315	-0.007220283087923378	0.0
0.00245298727198875	-0.006724314517353347	0.0
0.0020401658724602777	-0.0062009346840126165	0.0
0.0016615856156831227	-0.005652277176739698	0.0
0.0013187898202404453	-0.0050805786311868845	0.0
0.0010131759271585037	-0.004488169612039028	0.0
7.459898030998645E-4	-0.0038774651123217076	0.0
5.1832066145893E-4	-0.003250954708528702	0.0
3.310966220647438E-4	-0.0026111924117016546	0.0
1.8508092759213576E-4	-0.001960786255835691	0.0
8.086883210563822E-5	-0.0013023876660535967	0.0
1.888517442032163E-5	-6.386806498899207E-4	0.0
-6.545084129469507E-7	2.941302066004164E-7	0.0
-6.173538278561163E-7	2.762914425170481E-5	0.0
2.244076165830268E-5	6.938254568650169E-4	0.0
8.796553364730317E-5	0.0013571924903671277	0.0
1.9568985648049832E-4	0.0020150259802443303	0.0
3.451745949035416E-4	0.002664644219185298	0.0
5.358103741892413E-4	0.003303398989261158	0.0
7.668200642544006E-4	0.003928686357586263	0.0
0.001037261947644183	0.004537957291450487	0.0
0.0013460335584696073	0.005128728049650252	0.0
0.0016918761766487322	0.005698590307655795	0.0
0.002073379959130385	0.006245220975339979	0.0
0.0024889896871830904	0.006766391667245392	0.0
0.0029370111063199153	0.007259977786783178	0.0
0.003415617833014227	0.007723967187331655	0.0
0.003922858800050787	0.008156468374926083	0.0
0.004456666210160852	0.008555718219102518	0.0
0.005014863965518163	0.008920089140458932	0.0
0.005595176538731501	0.009248095745635301	0.0
0.006195238249171825	0.00953840088266357	0.0
0.006812602906817846	0.009789821092002375	0.0
0.0074447537843064324	0.010001331431034887	0.0
0.008089113876535999	0.010172069652361952	0.0
0.008743056405999317	0.010301339718857556	0.0
0.009403915531020109	0.01038861464115718	0.0
0.010068997213239271	0.010433538626010978	0.0
0.010735590200050594	0.010435928526744576	0.0
0.011400977077214224	0.010395774589913611	0.0
0.012062445346591075	0.010313240495108674	0.0
0.012717298483839398	0.010188662687747789	0.0
0.013362866930995638	0.010022549007576164	0.0
0.013996518979128153	0.009815576618464545	0.0
0.014615671496698701	0.009568589247944681	0.0
0.01521780045989798	0.009282593747735287	0.0
0.015800451242026548	0.008958755989279647	0.0
0.016361248619976003	0.008598396111026823	0.0
0.01689790645701949	0.00820298313683074	0.0
0.017408237022435036	0.007774128987406037	0.0
0.017890159909974068	0.007313581909253001	0.0
0.018341710518815675	0.006823219347838026	0.0
0.018761048062433675	0.0063050402940848516	0.0
0.019146463072727868	0.005761157135373807	0.0
0.019496384368828334	0.005193787044270516	0.0
0.019809385462162772	0.004605242940087923	0.0
0.020084190371678218	0.00399792406012746	0.0
0.020319678825508173	0.0033743061790364203	0.0
0.02051489082788191	0.002736931516152341	0.0
0.020669030572657322	0.002088398371978854	0.0
0.02078146968752471	0.0014313505360396086	0.0
0.020851749795654396	7.684665092901621E-4	0.0
0.020879584384346735	1.0244858502360915E-4	0.0
0.020864859973065173	-5.639881672178525E-4	0.0
0.020807636576092487	-0.0012281269698174307	0.0
0.020708147457922023	-0.0018872604122241849	0.0
0.020566798182382565	-0.0025387014879106854	0.0
0.020384164959371974	-0.003179794548155243	0.0
0.02016099229593871	-0.0038079261279942277	0.0
0.019898189961288434	-0.004420535600212072	0.0
0.01959682927808548	-0.005015125613937602	0.0
0.019258138755170014	-0.005589272275291609	0.0
0.018883499079492445	-0.006140635028584735	0.0
0.01847443748768205	-0.006666966197783665	0.0
0.018032621540193215	-0.007166120149349095	0.0
0.01755985232341032	-0.007636062039092277	0.0
0.01705805710742246	-0.008074876107392999	0.0
0.01652928148939955	-0.008480773488963244	0.0
0.015975681054597395	-0.008852099505318298	0.0
0.015399512588986197	-0.009187340410227715	0.0
0.014803124879324692	-0.009485129560647418	0.0
0.014188949138183443	-0.009744252987976727	0.0
0.013559489092952725	-0.009963654346928114	0.0
0.012917310779234338	-0.010142439221835671	0.0
0.0122650320802274	-0.010279878772846567	0.0
0.011605312054750941	-0.010375412707131744	0.0
0.010940840097408509	-0.010428651563003231	0.0
0.01027432497508354	-0.010439378297626596	0.0
0.009608483784460319	-0.010407549171855442	0.0
0.008946030875584036	-0.010333293928581629	0.0
0.008289666786615458	-0.01021691526387309	0.0
0.007642067234888223	-0.010058887593055536	0.0
0.007005872209146669	-0.009859855116767596	0.0
0.006383675207430793	-0.009620629194873692	0.0
0.005778012664482379	-0.009342185038939181	0.0
0.005191353611770087	-0.009025657736751626	0.0
0.00462608961228652	-0.008672337625093778	0.0
0.00408452501114863	-0.008283665029631782	0.0
0.003568867541745742	-0.007861224393361536	0.0
0.003081219325729444	-0.007406737817548793	0.0
0.0026235683035355723	-0.006922058041492972	0.0
0.0021977801303719132	-0.006409160889735126	0.0
0.0018055905707082612	-0.0058701372174970986	0.0
0.001448598422273675	-0.005307184387188038	0.0
0.001128258998406662	-0.004722597310724339	0.0
8.458781953284636E-4	-0.004118759094179845	0.0
6.026071685242594E-4	-0.0034981313229037435	0.0
3.994376399349721E-4	-0.002863244026709214	0.0
2.3719785509028674E-4	-0.0022166853660411288	0.0
1.1654920666404849E-4	-0.001561091081167289	0.0
3.798353821654704E-5	-8.991337474042126E-4	0.0
1.8211391153947598E-6	-2.3351188017959346E-4	0.0
-7.854057399116096E-7	4.863040381747439E-7	0.0
8.209438808977858E-6	4.3306106565485904E-4	0.0
5.712240577556568E-5	0.0010978677574149552	0.0
1.4836065359848626E-4	0.0017581980619866841	0.0
2.815522537351219E-4	0.0024113600938821065	0.0
4.561542516665989E-4	0.0030546911889103544	0.0
6.714548802476275E-4	0.0036855687587285632	0.0
9.265764612338747E-4	0.0043014209820235304	0.0
0.0012204789831585813	0.004899737288740796	0.0
0.001551964340973419	0.005478078594620972	0.0
0.0019196812201701823	0.006034087244321669	0.0
0.002322130605473218	0.006565496622591151	0.0
0.0027576718916463975	0.0070701403943128705	0.0
0.0032245295715030266	0.007545961335753311	0.0
0.003720800473855216	0.007991019721011124	0.0
0.004244461521896545	0.008403501229480609	0.0
0.004793377980391011	0.00878172434209324	0.0
0.005365312158047314	0.009124147196185577	0.0
0.005957932529603251	0.009429373871049609	0.0
0.006568823240433724	0.009696160078542387	0.0
0.007195493954935542	0.009923418235555082	0.0
0.00783539000854207	0.010110221897664499	0.0
0.008485902821981967	0.010255809535891874	0.0
0.009144380535328539	0.010359587641172962	0.0
0.009808138818487265	0.010421133143883739	0.0
0.010474471814053733	0.010440195138557744	0.0
0.011140663167932226	0.010416695906764143	0.0
0.011803997102747418	0.010350731233976939	0.0
0.012461769488907495	0.010242570019142541	0.0
0.013111298868187862	0.010092653178537896	0.0
0.013749937384895251	0.009901591848387375	0.0
0.014375081580052497	0.009670164893564677	0.0
0.01498418300459832	0.009399315732536918	0.0
0.015574758608339416	0.00909014849149229	0.0
0.01614440086230029	0.008743923503331044	0.0
0.016690787573210363	0.008362052169866713	0.0
0.01721169135011357	0.007946091208182678	0.0
0.01770498868451366	0.007497736304599607	0.0
0.01816866860703683	0.007018815202122109	0.0
0.018600840885322985	0.006511280249545774	0.0
0.01899974372972552	0.005977200442597881	0.0
0.019363750975407636	0.005418752989555733	0.0
0.019691378711555164	0.004838214435727006	0.0
0.01998129133068334	0.0042379513829731786	0.0
0.020232306973374983	0.003620410842108428	0.0
0.020443402346255385	0.002988110257503053	0.0
0.020613716893562332	0.0023436272445570656	0.0
0.02074255630530545	0.0016895890818796517	0.0
0.020829395347713754	0.0010286620010099994	0.0
0.02087388000443208	3.6354031734117345E-4	0.0
0.02087582891973796	-3.030645534447378E-4	0.0
0.020835234137895932	-9.684351486547827E-4	0.0
0.020752261135633242	-0.001629859036517239	0.0
0.02062724814760638	-0.002284639873607645	0.0
0.020460704787607024	-0.002930108396692263	0.0
0.02025330997112833	-0.0035636333041800614	0.0
0.02000590914775958	-0.004182631982823922	0.0
0.019719510854692344	-0.00478458103594322	0.0
0.019395282605386917	-0.005367026570248571	0.0
0.019034546130159705	-0.005927594199333079	0.0
0.018638771988093026	-0.0064639987230510395	0.0
0.018209573572232463	-0.006974053443324625	0.0
0.017748700532509404	-0.007455679078402282	0.0
0.017258031643201176	-0.007906912239228778	0.0
0.016739567144004423	-0.00832591343337247	0.0
0.01619542058594379	-0.0087109745638816	0.0
0.015627810215356967	-0.009060525892498191	0.0
0.015039049931080165	-0.009373142438845414	0.0
0.01443153985169425	-0.009647549789500103	0.0
0.013807756531291012	-0.009882629293269926	0.0
0.013170242863640042	-0.0100774226214957	0.0
0.01252159771591467	-0.010231135674788616	0.0
0.011864465334236029	-0.01034314182027561	0.0
0.011201524564223492	-0.010412984446156518	0.0
0.010535477930495363	-0.010440378823158453	0.0
0.009869040619637025	-0.01042521326529915	0.0
0.009204929411549809	-0.010367549585227034	0.0
0.008545851604300748	-0.010267622842281781	0.0
0.007894493977623604	-0.010125840384302047	0.0
0.007253511840061567	-0.009942780187086156	0.0
0.006625518204400738	-0.00971918849827564	0.0
0.006013073135523875	-0.009455976795265381	0.0
0.0054186733141069286	-0.00915421806954219	0.0
0.004844741858702975	-0.00881514245259812	0.0
0.004293618447705033	-0.008440132201250759	0.0
0.0037675497814563985	-0.008030716062811537	0.0
0.0032686804233901007	-0.0075885630430740526	0.0
0.0027990440575343294	-0.007115475602526683	0.0
0.00236055519802421	-0.006613382308525453	0.0
0.001955001384415641	-0.006084329973382062	0.0
0.0015840358946184398	-0.005530475310415094	0.0
0.001249171005154719	-0.004954076141979799	0.0
9.517718262182628E-4	-0.004357482195317496	0.0
6.930507366663635E-4	-0.003743125523745578	0.0
4.7406244163050336E-4	-0.003113510592236809	0.0
2.9569967289437375E-4	-0.002471204067804682	0.0
1.5868954956668556E-4	-0.001818824356315381	0.0
6.359061388525957E-5	-0.0011590309283796508	0.0
1.0790554236124863E-5	-4.945134778384095E-4	0.0
-9.163378432724945E-7	1.175750607610275E-8	0.0
5.046246701734085E-7	1.720190429613075E-4	0.0
3.277476736047159E-5	8.378494664020803E-4	0.0
1.0746944157777833E-4	0.0015002634863247213	0.0
2.242841598816475E-4	0.002156560723094816	0.0
3.827427293414631E-4	0.0028040657318995363	0.0
5.821991927276817E-4	0.0034401389093987843	0.0
8.218404617600243E-4	0.004062187254268487	0.0
0.0011006896316781791	0.004667674937770427	0.0
0.0014176099636231132	0.005254133641256551	0.0
0.001771309518594726	0.005819172618465882	0.0
0.002160346424095163	0.006360488441594828	0.0
0.00258313475198845	0.006875874391409655	0.0
0.0030379509836147415	0.007363229453122219	0.0
0.003522941035803978	0.007820566881355837	0.0
0.004036127819147016	0.008246022299285814	0.0
0.004575419297712498	0.008637861298938551	0.0
0.005138617017353901	0.008994486511663766	0.0
0.005723425067839821	0.009314444119958722	0.0
0.006327459442273744	0.009596429784097388	0.0
0.006948257755648464	0.009839293959403628	0.0
0.00758328928291691	0.010042046582493098	0.0
0.008229965275658925	0.01020386110737903	0.0
0.008885649515287234	0.010324077874988569	0.0
0.009547669059771266	0.010402206802353122	0.0
0.010213325140069842	0.010437929380510538	0.0
0.010879904161852017	0.010431099972973572	0.0
0.011544688767657369	0.01038174640947174	0.0
0.012204968914399674	0.01029006987254557	0.0
0.012858052921055999	0.010156444077455543	0.0
0.013501278441503709	0.009981413748748794	0.0
0.014132023317775539	0.009765692399693493	0.0
0.01474771626948606	0.009510159423633454	0.0
0.015345847375856363	0.009215856509119635	0.0
0.015923978307602667	0.008883983393432575	0.0
0.01647975226698163	0.008515892971806759	0.0
0.01701090359546751	0.008113085782294204	0.0
0.017515267009896796	0.007677203888750053	0.0
0.017990786429426822	0.0072100241868760795	0.0
0.01843552335732703	0.006713451160610778	0.0
0.01884766478343075	0.006189509118395562	0.0
0.0192255305750351	0.005640333940965045	0.0
0.019567580326117093	0.005068164374302658	0.0
0.01987241963694629	0.004475332903256923	0.0
0.020138805798493656	0.0038642562430215585	0.0
0.020365652858463493	0.003237425487242504	0.0
0.020552036048296442	0.0025973959529126713	0.0
0.020697195553097215	0.0019467767634537753	0.0
0.020800539609116493	0.0012882202124493095	0.0
0.020861646916162106	6.244109513882307E-4	0.0
0.02088026835510289	-4.194495450289842E-5	0.0
0.02085632800346473	-7.081310577256172E-4	0.0
0.020789923444978483	-0.001371431602302005	0.0
0.020681325371816883	-0.0020291425947509423	0.0
0.020530976481142243	-0.0026785828271164505	0.0
0.020339489670463652	-0.003317104807112245	0.0
0.020107645539158718	-0.003942105550824323	0.0
0.01983638920634657	-0.004551037193974877	0.0
0.019526826458083433	-0.005141417378490075	0.0
0.01918021923958649	-0.005710839372028993	0.0
0.018797980510862042	-0.0062569818792218785	0.0
0.018381668486710894	-0.006777618504620689	0.0
0.017932980284589166	-0.007270626828785731	0.0
0.017453745006221724	-0.00773399706050889	0.0
0.01694591628117	-0.008165840229901503	0.0
0.01641156430275123	-0.008564395888948579	0.0
0.015852867388774856	-0.008928039288134808	0.0
0.01527210310150041	-0.009255287999888598	0.0
0.014671638963013907	-0.009544807961841595	0.0
0.014053922803876158	-0.00979541891526865	0.0
0.013421472784384578	-0.010006099216537107	0.0
0.012776867129127945	-0.010175990001951601	0.0
0.012122733616682691	-0.010304398689015686	0.0
0.011461738867295054	-0.010390801799836896	0.0
0.010796577472220821	-0.010434847095165456	0.0
0.010129961009035631	-0.010436355010366792	0.0
0.009464606987696817	-0.010395319387473574	0.0
0.008803227772418723	-0.010311907500333695	0.0
0.008148519524521928	-0.010186459372750149	0.0
0.007503151211332293	-0.010019486392393622	0.0
0.006869753725935111	-0.009811669226137094	0.0
0.006250909162138772	-0.00956385504531122	0.0
0.0056491402883703384	-0.009277054072191506	0.0
0.005066900263411768	-0.008952435461795446	0.0
0.0045065626359026235	-0.008591322535777799	0.0
0.003970411668376772	-0.008195187387853374	0.0
0.0034606330252779597	-0.00776564488273825	0.0
0.002979304862914767	-0.007304446073073158	0.0
0.002528389357678729	-0.006813471061164632	0.0
0.002109724707060428	-0.006294721334645215	0.0
0.0017250176360726066	-0.005750311607294811	0.0
0.0013758364396283668	-0.005182461198285512	0.0
0.0010636045892380495	-0.004593484984992772	0.0
7.895949300875784E-4	-0.003985783966254427	0.0
5.549244921543312E-4	-0.003361835474546924	0.0
3.6054993651382563E-4	-0.0027241830769790835	0.0
2.0726365540060313E-4	-0.002075426206273579	0.0
9.569054192200822E-5	-0.001418209564005276	0.0
2.6285442593429313E-5	-7.552123392949436E-4	0.0
-6.686969198157476E-7	-8.913728690953199E-5	0.0
-1.047243649279286E-6	2.0393261605897354E-7	0.0
1.4938014705193133E-5	5.773002907075464E-4	0.0
7.304196642492817E-5	0.0012413836125604425	0.0
1.734063041002235E-4	0.0019004054942551537	0.0
3.1562189600518203E-4	0.002551679384035282	0.0
4.991090006384086E-4	0.003192550314710424	0.0
7.231196300377625E-4	0.0038204057268302516	0.0
9.86740598964645E-4	0.004432686118983141	0.0
0.00128889724752764	0.005026895481803138	0.0
0.0016283578220704226	0.005600611473148916	0.0
0.0020037384964646603	0.0061514952929758865	0.0
0.002413509013338745	0.006677301217645438	0.0
0.0028559989222457388	0.007175885754803842	0.0
0.0033294043893397664	0.007645216381510174	0.0
0.00383179555080155	0.008083379829991641	0.0
0.004361124380035828	0.008488589887249022	0.0
0.004915233036570491	0.008859194676715754	0.0
0.0054918626626213555	0.00919368339228627	0.0
0.006088662591463936	0.009490692457263002	0.0
0.006703199930073388	0.009749011083112992	0.0
0.007332969476968266	0.009967586205374027	0.0
0.007975403934827376	0.010145526776588447	0.0
0.008627884376247822	0.010282107398764007	0.0
0.009287750919979193	0.010376771280553664	0.0
0.009952313574111759	0.010429132507098602	0.0
0.010618863202015633	0.010438977613282033	0.0
0.01128468256632778	0.01040626645397876	0.0
0.011947057405965297	0.01033113236775414	0.0
0.01260328750100784	0.01021388163334401	0.0
0.013250697680343582	0.010054992221131043	0.0
0.013886648727204493	0.009855111844707845	0.0
0.014508548138133983	0.009615055320468628	0.0
0.015113860691527124	0.009335801245993883	0.0
0.015700118782659554	0.009018488010768051	0.0
0.016264932483074188	0.00866440915549297	0.0
0.016805999283318777	0.008275008098915128	0.0
0.01732111347931341	0.007851872253662621	0.0
0.017808175164088294	0.007396726555079572	0.0
0.018265198788233596	0.006911426429436297	0.0
0.0186903212541647	0.006397950230183719	0.0
0.019081809511205985	0.005858391173083337	0.0
0.01943806762053023	0.0052949488030905965	0.0
0.01975764326115407	0.004709920027777646	0.0
0.020039233650466545	0.004105689753847836	0.0
0.02028169085515465	0.0034847211649133916	0.0
0.020484026470876347	0.0028495456801684066	0.0
0.020645415651603067	0.0022027526348926776	0.0
0.020765200472206095	0.0015469787248536125	0.0
0.0208428926105785	8.848972576366509E-4	0.0
0.02087817533835877	2.1920725472264973E-4	0.0
0.020870904812140746	-4.4737755126232376E-4	0.0
0.020821110659905977	-0.0011121397792709742	0.0
0.020728995860287196	-0.0017723694774346458	0.0
0.02059493591515501	-0.0024253751703804003	0.0
0.020419477318901567	-0.003068494831230226	0.0
0.02020333533066029	-0.0036991067335539808	0.0
0.019947391058543155	-0.004314640139037401	0.0
0.019652687867781737	-0.00491258577729644	0.0
0.01932042712741432	-0.005490506075115295	0.0
0.0189519633128589	-0.006046045093408647	0.0
0.018548798484334272	-0.006576938131398817	0.0
0.018112576163640915	-0.007081020958855978	0.0
0.01764507463426089	-0.00755623863876514	0.0
0.01714819969209072	-0.008000653904453519	0.0
0.01662397687635913	-0.00841245505702884	0.0
0.01607454321239941	-0.008789963350933157	0.0
0.015502138499940088	-0.009131639837504502	0.0
0.014909096182424832	-0.009436091638648206	0.0
0.014297833834583907	-0.009702077625042903	0.0
0.013670843307038579	-0.009928513475732585	0.0
0.013030680568109689	-0.010114476098479794	0.0
0.01237995528424389	-0.01025920739285887	0.0
0.011721320181533056	-0.010362117340749419	0.0
0.011057460231694991	-0.010422786411630944	0.0
0.010391081706599697	-0.010440967272872779	0.0
0.009724901145961745	-0.010416585798047261	0.0
0.009061634283171438	-0.01034974136915559	0.0
0.008403984974410798	-0.010240706471534421	0.0
0.007754634176184981	-0.010089925583093497	0.0
0.007116229016202806	-0.009898013362413182	0.0
0.006491372002159707	-0.009665752143087568	0.0
0.005882610412415887	-0.009394088744527608	0.0
0.005292425911816978	-0.00908413061222506	0.0
0.004723224434990715	-0.008737141303211557	0.0
0.004177326378360828	-0.008354535335116688	0.0
0.0036569571408611038	-0.00793787241982278	0.0
0.003164238051910908	-0.007488851105223634	0.0
0.0027011777236355867	-0.007009301851005741	0.0
0.0022696638625849448	-0.006501179566680525	0.0
0.0018714555743298052	-0.005966555642286088	0.0
0.0015081761923078937	-0.005407609504244959	0.0
0.0011813066601527	-0.004826619730801972	0.0
8.921794944832826E-4	-0.004225954763260106	0.0
6.419733527657966E-4	-0.0036080632508808533	0.0
4.317082283916457E-4	-0.002975464068808377	0.0
2.62241292560122E-4	-0.0023307360497102298	0.0
1.3426339991635315E-4	-0.0016765074709945908	0.0
4.829627218988403E-5	-0.0010154453404593645	0.0
4.690371315126336E-6	-3.5024452405145223E-4	0.0
-1.1781475600412996E-6	3.9611254442422897E-7	0.0
3.6234707042322117E-6	3.163832399424481E-4	0.0
4.509993049687997E-5	9.81720395489236E-4	0.0
1.2895067974165165E-4	0.0016430546471220423	0.0
2.5483390558181694E-4	0.002297690016810665	0.0
4.222364466361907E-4	0.0029429578343155524	0.0
6.30475884895027E-4	0.003576227616222434	0.0
8.787033276033598E-4	0.0041949177893082085	0.0
0.0011659068677913967	0.004796506214523975	0.0
0.0014909157093451202	0.005378540468692808	0.0
0.001852404939800989	0.0059386478420082114	0.0
0.0022489009314082546	0.006474545010577961	0.0
0.00267878734844158	0.006984047344582318	0.0
0.0031403117362742696	0.007465077814100874	0.0
0.0036315926653518777	0.00791567545630303	0.0
0.004150627400943251	0.008334003369484604	0.0
0.004695300067403032	0.008718356201362848	0.0
0.00526339027366326	0.009067167101101593	0.0
0.005852582164791662	0.00937901410672777	0.0
0.006460473862717896	0.009652625941899352	0.0
0.007084587257641779	0.009886887198393883	0.0
0.007722378110207943	0.01008084288319071	0.0
0.008371246423264781	0.010233702311610244	0.0
0.009028547040928047	0.010344842330639028	0.0
0.009691600431738216	0.010413809859301	0.0
0.010357703611955975	0.010440323735718168	0.0
0.011024141164465737	0.010424275863331434	0.0
0.011688196308366764	0.010365731651607826	0.0
0.012347161974127297	0.010264929749438574	0.0
0.012998351839152206	0.010122281072313702	0.0
0.0136391112787769	0.009938367127238923	0.0
0.014266828188045439	0.00971393764222402	0.0
0.01487894363015633	0.0094499075100049	0.0
0.015472962268167544	0.009147353058459236	0.0
0.016046462537434303	0.008807507662918957	0.0
0.016597106517312592	0.00843175671826639	0.0
0.017122649461882782	0.008021631991310361	0.0
0.017620948950842628	0.007578805376465142	0.0
0.018089973623265088	0.007105082080187242	0.0
0.018527811458617288	0.006602393261954324	0.0
0.018932677571280355	0.00607278816178606	0.0
0.019302921486797766	0.005518425746398584	0.0
0.019637033870188607	0.004941565908048208	0.0
0.019933652678896928	0.004344560251942529	0.0
0.020191568715294084	0.0037298425097747963	0.0
0.020409730556099775	0.003099918618461141	0.0
0.020587248838625526	0.002457356504525358	0.0
0.02072339988636713	0.0018047756157764123	0.0
0.02081762865916701	0.0011448362429525598	0.0
0.020869551015918197	4.8022867486373144E-4	0.0
0.020878955280587592	-1.863377687581061E-4	0.0
0.020845803105171833	-8.521457819923658E-4	0.0
0.02077022962607039	-0.0015144811500223425	0.0
0.02065254291323642	-0.0021706438138294148	0.0
0.0204932227143511	-0.0028179588771829367	0.0
0.020292918499141423	-0.003453787511055099	0.0
0.020052446811812938	-0.004075537711007724	0.0
0.019772787942390745	-0.004680674863698305	0.0
0.019455081930537896	-0.005266732079429726	0.0
0.019100623918141775	-0.0058313202486219365	0.0
0.01871085886961371	-0.006372137781210267	0.0
0.018287375681425154	-0.006886979989266466	0.0
0.017831900704892878	-0.007373748074593452	0.0
0.017346290708617533	-0.007830457684655338	0.0
0.01683252530926506	-0.008255247001963282	0.0
0.016292698901547425	-0.008646384333941395	0.0
0.015729012120299847	-0.009002275172329478	0.0
0.0151437628694609	-0.009321468693346721	0.0
0.01453933695452421	-0.009602663672116533	0.0
0.013918198356652815	-0.009844713787242243	0.0
0.013282879188101188	-0.010046632293908982	0.0
0.012635969369893297	-0.010207596046460918	0.0
0.011980106073836615	-0.010326948854055894	0.0
0.011317962971912208	-0.010404204155717753	0.0
0.010652239336866452	-0.010439047003880314	0.0
0.009985649038436285	-0.0104313353483379	0.0
0.009320909480066523	-0.010381100615367185	0.0
0.008660730521218612	-0.010288547579660249	0.0
0.008007803430430078	-0.010154053529589587	0.0
0.007364789914158893	-0.009978166729208773	0.0
0.006734311266136033	-0.009761604183257888	0.0
0.006118937681461685	-0.009505248714284716	0.0
0.005521177779005628	-0.00921014536379693	0.0
0.0049434683748247905	-0.008877497132116052	0.0
0.004388164548287771	-0.008508660074299493	0.0
0.0038575300414021596	-0.008105137772123072	0.0
0.0033537280304831167	-0.007668575204658509	0.0
0.0028788123077821796	-0.007200752042432948	0.0
0.002434718909026909	-0.006703575392507215	0.0
0.002023258221000793	-0.006179072024048431	0.0
0.0016461076013382769	-0.005629380106089078	0.0
0.0013048045406207423	-0.005056740491154241	0.0
0.0010007403946492278	-0.004463487580290153	0.0
7.351547124444223E-4	-0.00385203980673286	0.0
5.09130183096425E-4	-0.0032248897770115036	0.0
3.2358822206433164E-4	-0.002584594109675569	0.0
1.7928521491815408E-4	-0.0019337630130708385	0.0
7.680943383620833E-5	-0.001275049644649427	0.0
1.657863942806914E-5	-6.111392951919153E-4	0.0
-1.3090495745302834E-6	5.882972925544131E-7	0.0
