# EMSIM OUTPUT FILE 
# PARAMETERS OF SIMULATION RUN 
# ---------------------------- 
# Mode               : 1 
# Magnetic field?      true
# Failing field?       false
# Point charge?        false
# Electric field?      false
# Magnetic strength  : 1.0E-7T 
# Electric strength  : 1.0E-7NC^-1 
# Phase              : 1.5707963267948966
# Algorithm          : 4
# Time-step          : 1.0E-5s 
# Number of Turns    : 10.0
# Number of particles: 1
# Spread in x        : 0.0m 
# Spread in y        : 0.0m 
# Spread in z        : 0.0m 
# Intial average v   : 0.1ms^-1 
# Intial v_sigma     : 0.0ms^-1 
# ----------------------------- 
Time 	 KE 	 PE 	 E 	 L 
0.0	8.363109500000002E-30	8.363109500000003E-30	1.6726219000000003E-29	1.746164552294872E-30
0.00999999999999976	8.363109499999218E-30	8.363096730425392E-30	1.672620623042461E-29	1.746161886088178E-30
0.019999999999999355	8.363109499998417E-30	8.363084077985841E-30	1.6726193577984258E-29	1.746159244338546E-30
0.029999999999998948	8.363109499997559E-30	8.363071658683822E-30	1.672618115868138E-29	1.746156651266561E-30
0.040000000000001576	8.363109499996675E-30	8.363059586384369E-30	1.6726169086381043E-29	1.746154130646525E-30
0.05000000000000464	8.363109499995835E-30	8.363047971771031E-30	1.6726157471766867E-29	1.746151705588465E-30
0.0600000000000077	8.363109499994958E-30	8.363036921331093E-30	1.6726146421326052E-29	1.746149398326255E-30
0.07000000000000556	8.363109499994108E-30	8.363026536379338E-30	1.6726136036373445E-29	1.746147230013783E-30
0.08000000000000168	8.36310949999302E-30	8.363016912128935E-30	1.6726126412121955E-29	1.746145220530959E-30
0.0899999999999978	8.36310949999192E-30	8.36300813681883E-30	1.6726117636810752E-29	1.7461433883015183E-30
0.09999999999999393	8.363109499990962E-30	8.363000290904459E-30	1.6726109790895422E-29	1.7461417501240492E-30
0.10999999999999005	8.363109499990195E-30	8.36299344632032E-30	1.6726102946310515E-29	1.7461403210180213E-30
0.11999999999998617	8.36310949998938E-30	8.362987665820141E-30	1.6726097165809523E-29	1.7461391140860176E-30
0.12999999999998924	8.363109499988469E-30	8.362983002401811E-30	1.6726092502390281E-29	1.746138140393663E-30
0.13999999999999924	8.363109499987665E-30	8.36297949882144E-30	1.6726088998809104E-29	1.7461374088681637E-30
0.15000000000000924	8.363109499986898E-30	8.362977187201175E-30	1.6726086687188072E-29	1.7461369262164226E-30
0.16000000000001924	8.363109499986017E-30	8.362976088734769E-30	1.6726085588720786E-29	1.7461366968635603E-30
0.17000000000002924	8.363109499985294E-30	8.362976213493463E-30	1.6726085713478755E-29	1.7461367229123896E-30
0.18000000000003924	8.36310949998457E-30	8.362977560333379E-30	1.672608706031795E-29	1.746137004124075E-30
0.19000000000004924	8.363109499983835E-30	8.362980116906152E-30	1.6726089616889985E-29	1.7461375379203563E-30
0.20000000000005924	8.363109499983023E-30	8.362983859772084E-30	1.6726093359755106E-29	1.7461383194071722E-30
0.21000000000006924	8.36310949998216E-30	8.362988754615203E-30	1.6726098254597365E-29	1.746139341419564E-30
0.22000000000007924	8.363109499981364E-30	8.36299475655765E-30	1.6726104256539012E-29	1.7461405945873176E-30
0.23000000000008924	8.363109499980484E-30	8.363001810570957E-30	1.6726111310551442E-29	1.7461420674208358E-30
0.24000000000009925	8.363109499979551E-30	8.363009851981447E-30	1.6726119351960998E-29	1.7461437464166623E-30
0.25000000000010925	8.363109499978437E-30	8.363018807062335E-30	1.6726128307040771E-29	1.7461456161811094E-30
0.26000000000011925	8.363109499977421E-30	8.363028593709936E-30	1.6726138093687358E-29	1.7461476595714448E-30
0.27000000000012925	8.36310949997654E-30	8.363039122196455E-30	1.6726148622172994E-29	1.7461498578530707E-30
0.28000000000013925	8.363109499975693E-30	8.363050295992501E-30	1.6726159795968193E-29	1.7461521908712585E-30
0.29000000000014925	8.363109499974752E-30	8.363062012652461E-30	1.6726171512627213E-29	1.7461546372360102E-30
0.30000000000015925	8.36310949997394E-30	8.363074164753397E-30	1.6726183664727337E-29	1.7461571745180927E-30
0.31000000000016925	8.3631094999731E-30	8.363086640880105E-30	1.6726196140853203E-29	1.7461597794547145E-30
0.32000000000017925	8.363109499972368E-30	8.363099326646625E-30	1.672620882661899E-29	1.7461624281628076E-30
0.33000000000018925	8.363109499971627E-30	8.363112105744702E-30	1.672622160571633E-29	1.7461650963579414E-30
0.34000000000019925	8.363109499970887E-30	8.363124861010684E-30	1.672623436098157E-29	1.746167759577084E-30
0.35000000000020925	8.363109499970092E-30	8.36313747549928E-30	1.6726246975469374E-29	1.7461703934027957E-30
0.36000000000021926	8.363109499969315E-30	8.363149833555877E-30	1.6726259333525192E-29	1.7461729736871226E-30
0.37000000000022926	8.363109499968544E-30	8.36316182187707E-30	1.6726271321845612E-29	1.7461754767730272E-30
0.38000000000023926	8.363109499967702E-30	8.363173330549153E-30	1.6726282830516854E-29	1.7461778797112208E-30
0.39000000000024926	8.363109499966808E-30	8.36318425405618E-30	1.6726293754022987E-29	1.746180160470639E-30
0.40000000000025926	8.363109499965932E-30	8.363194492247109E-30	1.672630399221304E-29	1.746182298140375E-30
0.41000000000026926	8.363109499964864E-30	8.363203951254158E-30	1.672631345121902E-29	1.7461842731214285E-30
0.42000000000027926	8.363109499963777E-30	8.36321254435358E-30	1.6726322044317359E-29	1.746186067306427E-30
0.43000000000028926	8.363109499962834E-30	8.363220192760425E-30	1.6726329692723257E-29	1.7461876642455696E-30
0.44000000000029926	8.363109499961853E-30	8.363226826351109E-30	1.6726336326312962E-29	1.7461890492974944E-30
0.45000000000030926	8.363109499960974E-30	8.363232384306524E-30	1.6726341884267498E-29	1.7461902097635536E-30
0.46000000000031926	8.363109499960104E-30	8.363236815668876E-30	1.672634631562898E-29	1.7461911350040828E-30
0.47000000000032927	8.363109499959333E-30	8.363240079809763E-30	1.6726349579769096E-29	1.7461918165361266E-30
0.48000000000033927	8.363109499958513E-30	8.363242146802186E-30	1.67263516467607E-29	1.7461922481111165E-30
0.49000000000034927	8.363109499957709E-30	8.363242997695172E-30	1.672635249765288E-29	1.746192425772209E-30
0.5000000000003593	8.363109499956896E-30	8.363242624687454E-30	1.672635212464435E-29	1.7461923478905487E-30
0.5100000000003138	8.363109499956204E-30	8.363241031198897E-30	1.67263505311551E-29	1.7461920151801815E-30
0.5200000000002682	8.363109499955359E-30	8.363238231839119E-30	1.6726347731794476E-29	1.7461914306915035E-30
0.5300000000002227	8.363109499954577E-30	8.36323425227378E-30	1.6726343752228358E-29	1.7461905997833433E-30
0.5400000000001772	8.36310949995374E-30	8.363229128989102E-30	1.6726338628942842E-29	1.7461895300737938E-30
0.5500000000001317	8.363109499952863E-30	8.363222908957304E-30	1.6726332408910167E-29	1.746188231370358E-30
0.5600000000000862	8.363109499952015E-30	8.363215649206153E-30	1.6726325149158167E-29	1.7461867155800748E-30
0.5700000000000407	8.363109499950974E-30	8.363207416295715E-30	1.6726316916246688E-29	1.7461849966002663E-30
0.5799999999999952	8.363109499949898E-30	8.363198285708722E-30	1.672630778565862E-29	1.7461830901912506E-30
0.5899999999999497	8.363109499948889E-30	8.363188341157897E-30	1.6726297841106784E-29	1.746181013831717E-30
0.5999999999999042	8.363109499948001E-30	8.363177673818704E-30	1.6726287173766705E-29	1.746178786558528E-30
0.6099999999998587	8.363109499947048E-30	8.363166381493478E-30	1.6726275881440526E-29	1.746176428792195E-30
0.6199999999998131	8.36310949994608E-30	8.36315456771464E-30	1.6726264067660722E-29	1.746173962149634E-30
0.6299999999997676	8.363109499945295E-30	8.363142340795637E-30	1.6726251840740934E-29	1.7461714092460102E-30
0.6399999999997221	8.363109499944458E-30	8.363129812837496E-30	1.6726239312781954E-29	1.7461687934873118E-30
0.6499999999996766	8.363109499943683E-30	8.363117098701475E-30	1.672622659864516E-29	1.746166138855846E-30
0.6559499999996495	8.363109499943224E-30	8.363109493253517E-30	1.672621899319674E-29	1.7461645508862483E-30
0.6599999999996311	8.363109499942973E-30	8.363104314955739E-30	1.672621381489871E-29	1.7461634696903098E-30
0.6699999999995856	8.363109499942153E-30	8.363091578806563E-30	1.6726201078748715E-29	1.746160810462636E-30
0.6799999999995401	8.363109499941472E-30	8.363079007024052E-30	1.6726188506965524E-29	1.7461581855536855E-30
0.6899999999994946	8.363109499940742E-30	8.363066714871123E-30	1.6726176214811865E-29	1.7461556190296293E-30
0.6999999999994491	8.36310949993989E-30	8.363054815046977E-30	1.6726164314986867E-29	1.7461531344213506E-30
0.7099999999994036	8.363109499939044E-30	8.363043416653915E-30	1.6726152916592957E-29	1.746150754508721E-30
0.719999999999358	8.3631094999381E-30	8.363032624196782E-30	1.672614212413488E-29	1.746148501111695E-30
0.7299999999993125	8.363109499937136E-30	8.363022536625116E-30	1.6726132036562252E-29	1.7461463948903115E-30
0.739999999999267	8.363109499936063E-30	8.363013246425632E-30	1.6726122746361693E-29	1.7461444551552136E-30
0.7499999999992215	8.363109499934973E-30	8.363004838774442E-30	1.6726114338709415E-29	1.7461426996906374E-30
0.759999999999176	8.36310949993412E-30	8.362997390756367E-30	1.6726106890690488E-29	1.7461411445914066E-30
0.7699999999991305	8.363109499933272E-30	8.362990970657647E-30	1.672610047059092E-29	1.746139804115259E-30
0.779999999999085	8.363109499932347E-30	8.362985637340158E-30	1.6726095137272506E-29	1.746138690552182E-30
0.7899999999990395	8.363109499931531E-30	8.36298143970196E-30	1.672609093963349E-29	1.7461378141117833E-30
0.799999999998994	8.363109499930775E-30	8.362978416228634E-30	1.6726087916159408E-29	1.7461371828296095E-30
0.8099999999989485	8.36310949993001E-30	8.362976594640473E-30	1.6726086094570482E-29	1.7461368024934823E-30
0.8199999999989029	8.363109499929251E-30	8.362975991638524E-30	1.6726085491567774E-29	1.7461366765904762E-30
0.8299999999988574	8.363109499928526E-30	8.36297661275131E-30	1.6726086112679835E-29	1.746136806274911E-30
0.8399999999988119	8.363109499927815E-30	8.362978452284267E-30	1.6726087952212082E-29	1.7461371903577986E-30
0.8499999999987664	8.363109499926906E-30	8.362981493371768E-30	1.6726090993298673E-29	1.7461378253177012E-30
0.8599999999987209	8.363109499925975E-30	8.362985708131946E-30	1.672609520805792E-29	1.746138705333061E-30
0.8699999999986754	8.363109499925176E-30	8.362991057922375E-30	1.672610055784755E-29	1.746139822335584E-30
0.8799999999986299	8.36310949992431E-30	8.362997493693816E-30	1.6726106993618125E-29	1.7461411660840975E-30
0.8899999999985844	8.363109499923407E-30	8.363004956440569E-30	1.6726114456363975E-29	1.746142724258583E-30
0.8999999999985389	8.363109499922276E-30	8.363013377741395E-30	1.672612287766367E-29	1.746144482573117E-30
0.9099999999984933	8.363109499921193E-30	8.363022680386629E-30	1.672613218030782E-29	1.7461464249068088E-30
0.9199999999984478	8.363109499920284E-30	8.363032779085858E-30	1.672614227900614E-29	1.7461485334515575E-30
0.9299999999984023	8.363109499919389E-30	8.363043581250284E-30	1.6726153081169672E-29	1.7461507888754054E-30
0.9399999999983568	8.363109499918531E-30	8.363054987841533E-30	1.6726164487760065E-29	1.7461531704997645E-30
0.9499999999983113	8.36310949991767E-30	8.363066894279398E-30	1.6726176394197067E-29	1.746155656488946E-30
0.9599999999982658	8.363109499916959E-30	8.363079191401069E-30	1.672618869131803E-29	1.7461582240504445E-30
0.9699999999982203	8.363109499916203E-30	8.36309176646167E-30	1.672620126637787E-29	1.7461608496438392E-30
0.9799999999981748	8.363109499915478E-30	8.363104504168141E-30	1.672621400408362E-29	1.746163509196667E-30
0.9899999999981293	8.36310949991465E-30	8.363117287736188E-30	1.672622678765084E-29	1.7461661783251023E-30
0.9999999999980838	8.36310949991385E-30	8.363129999961066E-30	1.6726239499874914E-29	1.746168832557534E-30
1.0099999999981493	8.363109499913026E-30	8.363142524292182E-30	1.6726252024205206E-29	1.7461714475589322E-30
1.0199999999982148	8.363109499912193E-30	8.363154745901466E-30	1.6726264245813658E-29	1.7461739993539196E-30
1.0299999999982803	8.363109499911365E-30	8.36316655273645E-30	1.6726276052647815E-29	1.746176464546648E-30
1.0399999999983458	8.363109499910503E-30	8.363177836547432E-30	1.6726287336457936E-29	1.746178820535261E-30
1.0499999999984113	8.363109499909671E-30	8.363188493880101E-30	1.672629799378977E-29	1.746181045719151E-30
1.0599999999984768	8.363109499908654E-30	8.363198427023793E-30	1.6726307926932448E-29	1.7461831196969466E-30
1.0699999999985423	8.363109499907579E-30	8.363207544907612E-30	1.672631704481519E-29	1.7461850234536196E-30
1.0799999999986079	8.363109499906514E-30	8.36321576393509E-30	1.6726325263841605E-29	1.7461867395347536E-30
1.0899999999986734	8.363109499905592E-30	8.363223008751168E-30	1.6726332508656758E-29	1.746188252206688E-30
1.0999999999987389	8.363109499904747E-30	8.363229212932691E-30	1.6726338712837438E-29	1.746189547600686E-30
1.1099999999988044	8.363109499903844E-30	8.363234319597068E-30	1.6726343819500914E-29	1.7461906138400215E-30
1.11999999999887	8.363109499903E-30	8.3632382819244E-30	1.67263477818274E-29	1.7461914411489946E-30
1.1299999999989354	8.363109499902154E-30	8.363241063586494E-30	1.672635056348865E-29	1.7461920219425074E-30
1.139999999999001	8.363109499901394E-30	8.363242639079995E-30	1.672635213898139E-29	1.7461923508956207E-30
1.1499999999990664	8.363109499900623E-30	8.363242993960226E-30	1.6726352493860847E-29	1.746192424992376E-30
1.159999999999132	8.36310949989988E-30	8.363242124973366E-30	1.6726351624873246E-29	1.7461922435533967E-30
1.1699999999991975	8.363109499899021E-30	8.363240040086673E-30	1.6726349539985695E-29	1.746191808242196E-30
1.179999999999263	8.363109499898185E-30	8.363236758415177E-30	1.6726346258313363E-29	1.746191123049871E-30
1.1899999999993285	8.363109499897314E-30	8.363232310046528E-30	1.672634180994384E-29	1.7461901942585347E-30
1.199999999999394	8.363109499896388E-30	8.363226735765057E-30	1.6726336235661445E-29	1.7461890303836975E-30
1.2099999999994595	8.363109499895466E-30	8.363220086677999E-30	1.6726329586573464E-29	1.7461876420962277E-30
1.219999999999525	8.363109499894613E-30	8.36321242374682E-30	1.6726321923641433E-29	1.7461860421244957E-30
1.2299999999995905	8.36310949989351E-30	8.36320381722815E-30	1.672631331712166E-29	1.7461842451376432E-30
1.239999999999656	8.363109499892459E-30	8.363194346030039E-30	1.6726303845922498E-29	1.7461822676111725E-30
1.2499999999997216	8.363109499891547E-30	8.363184096988082E-30	1.6726293596879628E-29	1.74618012767581E-30
1.259999999999787	8.363109499890646E-30	8.363173164069423E-30	1.6726282663960069E-29	1.7461778449513026E-30
1.2699999999998526	8.363109499889736E-30	8.363161647511338E-30	1.6726271147401075E-29	1.7461754403665616E-30
1.279999999999918	8.363109499888821E-30	8.363149652902162E-30	1.6726259152790982E-29	1.7461729359677654E-30
1.2899999999999836	8.36310949988802E-30	8.363137290213147E-30	1.6726246790101168E-29	1.7461703547162193E-30
1.3000000000000491	8.3631094998873E-30	8.363124672790256E-30	1.6726234172677555E-29	1.746167720277845E-30
1.3100000000001146	8.363109499886523E-30	8.363111916314867E-30	1.672622141620139E-29	1.7461650568061858E-30
1.311890000000127	8.363109499886388E-30	8.363109499295923E-30	1.6726218999182312E-29	1.7461645521478646E-30
1.3200000000001801	8.36310949988579E-30	8.363099137743365E-30	1.6726208637629155E-29	1.7461623887209974E-30
1.3300000000002457	8.363109499884968E-30	8.363086454234615E-30	1.6726195954119583E-29	1.7461597404843124E-30
1.3400000000003112	8.363109499884166E-30	8.363073982076023E-30	1.6726183481960188E-29	1.7461571363762084E-30
1.3500000000003767	8.363109499883376E-30	8.363061835617207E-30	1.672617133550058E-29	1.746154600272165E-30
1.3600000000004422	8.363109499882496E-30	8.363050126221552E-30	1.672615962610405E-29	1.7461521554241544E-30
1.3700000000005077	8.363109499881628E-30	8.363038961245442E-30	1.672614846112707E-29	1.7461498242475135E-30
1.3800000000005732	8.363109499880745E-30	8.363028443053726E-30	1.672613794293447E-29	1.746147628115378E-30
1.3900000000006387	8.363109499879708E-30	8.363018668081208E-30	1.6726128167960918E-29	1.7461455871627262E-30
1.4000000000007042	8.363109499878617E-30	8.363009725948687E-30	1.6726119225827304E-29	1.746143720101817E-30
1.4100000000007697	8.363109499877586E-30	8.363001698641052E-30	1.6726111198518636E-29	1.746142044050577E-30
1.4200000000008353	8.363109499876738E-30	8.362994659755982E-30	1.6726104159632722E-29	1.7461405743757393E-30
1.4300000000009008	8.363109499875968E-30	8.362988673828622E-30	1.6726098173704592E-29	1.7461393245518352E-30
1.4400000000009663	8.36310949987509E-30	8.362983795740204E-30	1.6726093295615293E-29	1.746138306037719E-30
1.4500000000010318	8.363109499874295E-30	8.362980070215054E-30	1.672608957008935E-29	1.746137528171549E-30
1.4600000000010973	8.363109499873488E-30	8.362977531410243E-30	1.6726087031283732E-29	1.7461369980851066E-30
1.4700000000011628	8.363109499872722E-30	8.362976202602419E-30	1.672608570247514E-29	1.7461367206384076E-30
1.4800000000012283	8.363109499871968E-30	8.362976095974681E-30	1.672608559584665E-29	1.7461366983752082E-30
1.4900000000012938	8.363109499871131E-30	8.362977212504548E-30	1.6726086712375678E-29	1.746136931499607E-30
1.5000000000013594	8.36310949987035E-30	8.362979541955215E-30	1.6726089041825564E-29	1.7461374178742242E-30
1.5100000000014249	8.363109499869507E-30	8.362983062969428E-30	1.6726092562838934E-29	1.7461381530397998E-30
1.5200000000014904	8.363109499868659E-30	8.36298774326517E-30	1.6726097243133828E-29	1.7461391302560515E-30
1.530000000001556	8.363109499867824E-30	8.362993539931698E-30	1.672610303979952E-29	1.7461403405634868E-30
1.5400000000016214	8.363109499866954E-30	8.363000399822561E-30	1.6726109899689516E-29	1.7461417728654624E-30
1.550000000001687	8.363109499866056E-30	8.363008260043776E-30	1.6726117759909833E-29	1.7461434140301103E-30
1.5600000000017524	8.363109499864988E-30	8.363017048529848E-30	1.6726126548394837E-29	1.7461452490106097E-30
1.570000000001818	8.363109499863959E-30	8.363026684704476E-30	1.6726136184568436E-29	1.7461472609831368E-30
1.5800000000018835	8.363109499863124E-30	8.36303708021956E-30	1.6726146580082684E-29	1.746149431501165E-30
1.590000000001949	8.363109499862365E-30	8.363048139764888E-30	1.6726157639627252E-29	1.7461517406645233E-30
1.6000000000020145	8.363109499861492E-30	8.363059761942093E-30	1.6726169261803583E-29	1.746154167301871E-30
1.61000000000208	8.363109499860728E-30	8.36307184019467E-30	1.6726181340055396E-29	1.7461566891648818E-30
1.6200000000021455	8.363109499859908E-30	8.363084263784439E-30	1.6726193763644346E-29	1.746159283132122E-30
1.630000000002211	8.363109499859088E-30	8.363096918806982E-30	1.6726206418666072E-29	1.7461619254210665E-30
1.6400000000022765	8.363109499858341E-30	8.363109689236186E-30	1.6726219189094528E-29	1.7461645918061942E-30
1.650000000002342	8.363109499857595E-30	8.363122457987712E-30	1.6726231957845307E-29	1.746167257841033E-30
1.6600000000024075	8.363109499856867E-30	8.363135107992678E-30	1.6726244607849547E-29	1.7461698990823392E-30
1.670000000002473	8.363109499856087E-30	8.363147523270847E-30	1.6726257023126936E-29	1.7461724913141697E-30
1.6800000000025386	8.363109499855177E-30	8.363159589994108E-30	1.6726269089849285E-29	1.746175010769932E-30
1.690000000002604	8.363109499854386E-30	8.363171197530084E-30	1.6726280697384468E-29	1.7461774343502836E-30
1.7000000000026696	8.363109499853514E-30	8.363182239456252E-30	1.6726291739309766E-29	1.7461797398348717E-30
1.710000000002735	8.363109499852703E-30	8.363192614535956E-30	1.672630211438866E-29	1.746181906086122E-30
1.7200000000028006	8.363109499851603E-30	8.363202227646382E-30	1.6726311727497984E-29	1.7461839132429886E-30
1.7300000000028661	8.363109499850477E-30	8.36321099065079E-30	1.6726320490501267E-29	1.7461857429030773E-30
1.7400000000029316	8.363109499849525E-30	8.363218823206479E-30	1.6726328323056003E-29	1.7461873782913378E-30
1.7500000000029972	8.363109499848685E-30	8.363225653501642E-30	1.6726335153350326E-29	1.7461888044139176E-30
1.7600000000030627	8.363109499847815E-30	8.363231418913646E-30	1.672634091876146E-29	1.7461900081956058E-30
1.7700000000031282	8.363109499846921E-30	8.363236066582648E-30	1.672634556642957E-29	1.7461909785995998E-30
1.7800000000031937	8.363109499846108E-30	8.363239553897033E-30	1.6726349053743143E-29	1.7461917067288634E-30
1.7900000000032592	8.36310949984533E-30	8.363241848883761E-30	1.6726351348729092E-29	1.7461921859076272E-30
1.8000000000033247	8.363109499844532E-30	8.363242930501426E-30	1.6726352430345957E-29	1.7461924117425784E-30
1.8100000000033902	8.363109499843799E-30	8.36324278883343E-30	1.6726352288677227E-29	1.7461923821631934E-30
1.8200000000034557	8.363109499843098E-30	8.363241425178579E-30	1.6726350925021675E-29	1.7461920974406557E-30
1.8300000000035213	8.36310949984232E-30	8.363238852039356E-30	1.6726348351881675E-29	1.746191560185404E-30
1.8400000000035868	8.36310949984152E-30	8.363235093007239E-30	1.672634459284876E-29	1.7461907753231906E-30
1.8500000000036523	8.363109499840628E-30	8.36323018254654E-30	1.6726339682387168E-29	1.7461897500499465E-30
1.8600000000037178	8.363109499839783E-30	8.363224165678339E-30	1.6726333665518122E-29	1.746188493765789E-30
1.8700000000037833	8.36310949983892E-30	8.36321709756759E-30	1.6726326597406509E-29	1.7461870179888145E-30
1.8800000000038488	8.363109499837939E-30	8.363209043017409E-30	1.6726318542855348E-29	1.7461853362495027E-30
1.8900000000039143	8.363109499836848E-30	8.363200075875199E-30	1.6726309575712049E-29	1.746183463966728E-30
1.9000000000039798	8.363109499835768E-30	8.36319027835512E-30	1.6726299778190887E-29	1.7461814183062876E-30
1.9100000000040454	8.363109499834892E-30	8.363179740284726E-30	1.6726289240119618E-29	1.7461792180236092E-30
1.9200000000041109	8.363109499834033E-30	8.363168558281101E-30	1.6726278058115134E-29	1.7461768832917305E-30
1.9300000000041764	8.363109499833192E-30	8.363156834865198E-30	1.672626633469839E-29	1.7461744355163805E-30
1.9400000000042419	8.363109499832395E-30	8.36314467752192E-30	1.6726254177354314E-29	1.74617189713973E-30
1.9500000000043074	8.363109499831608E-30	8.363132197714474E-30	1.6726241697546083E-29	1.7461692914345932E-30
1.960000000004373	8.363109499830758E-30	8.363119509862573E-30	1.6726229009693332E-29	1.7461666422910862E-30
1.9678400000044243	8.363109499830146E-30	8.36310949255039E-30	1.6726218992380538E-29	1.7461645507394398E-30
1.9700000000044384	8.36310949982998E-30	8.363106730293459E-30	1.6726216230123438E-29	1.7461639739976026E-30
1.980000000004504	8.363109499829206E-30	8.363093976175166E-30	1.6726203476004373E-29	1.74616131101809E-30
1.9900000000045694	8.363109499828445E-30	8.363081364442432E-30	1.6726190864270875E-29	1.746158677767785E-30
2.000000000004635	8.363109499827696E-30	8.363069010724537E-30	1.6726178510552234E-29	1.746156098389352E-30
2.0100000000047005	8.363109499826819E-30	8.363057028285115E-30	1.6726166528111936E-29	1.746153596531524E-30
2.020000000004766	8.363109499825932E-30	8.363045526983876E-30	1.672615502680981E-29	1.746151195132316E-30
2.0300000000048315	8.363109499825066E-30	8.363034612269282E-30	1.6726144112094346E-29	1.746148916208702E-30
2.040000000004897	8.363109499824174E-30	8.363024384211679E-30	1.672613388403585E-29	1.7461467806547404E-30
2.0500000000049625	8.363109499823075E-30	8.363014936585779E-30	1.6726124436408855E-29	1.7461448080499995E-30
2.060000000005028	8.363109499822007E-30	8.36300635601114E-30	1.6726115855833148E-29	1.7461430164800968E-30
2.0700000000050935	8.363109499821105E-30	8.362998721157882E-30	1.6726108220978988E-29	1.7461414223708576E-30
2.080000000005159	8.363109499820251E-30	8.362992102025304E-30	1.6726101601845555E-29	1.7461400403376947E-30
2.0900000000052246	8.363109499819392E-30	8.362986559300173E-30	1.6726096059119565E-29	1.7461388830516224E-30
2.10000000000529	8.363109499818557E-30	8.36298214380033E-30	1.6726091643618887E-29	1.7461379611230853E-30
2.1100000000053556	8.363109499817761E-30	8.362978896008908E-30	1.672608839582667E-29	1.7461372830047065E-30
2.120000000005421	8.363109499816996E-30	8.362976845702834E-30	1.6726086345519832E-29	1.7461368549137212E-30
2.1300000000054866	8.363109499816258E-30	8.362976011680095E-30	1.672608551149635E-29	1.7461366807750298E-30
2.140000000005552	8.363109499815473E-30	8.362976401587273E-30	1.6726085901402744E-29	1.7461367621851912E-30
2.1500000000056176	8.363109499814691E-30	8.362978011849636E-30	1.6726087511664327E-29	1.746137098397823E-30
2.160000000005683	8.363109499813898E-30	8.36298082770362E-30	1.6726090327517516E-29	1.7461376863303874E-30
2.1700000000057487	8.36310949981301E-30	8.362984823332358E-30	1.6726094323145368E-29	1.746138520592484E-30
2.180000000005814	8.363109499812156E-30	8.36298996210241E-30	1.6726099461914565E-29	1.746139593535282E-30
2.1900000000058797	8.363109499811334E-30	8.362996196899434E-30	1.6726105696710769E-29	1.7461408953216038E-30
2.200000000005945	8.363109499810432E-30	8.363003470560207E-30	1.672611297037064E-29	1.7461424140161286E-30
2.2100000000060107	8.363109499809332E-30	8.363011716397098E-30	1.672612121620643E-29	1.7461441356948993E-30
2.2200000000060762	8.363109499808203E-30	8.363020858809206E-30	1.672613035861741E-29	1.746146044572924E-30
2.2300000000061417	8.363109499807193E-30	8.36303081397526E-30	1.6726140313782452E-29	1.7461481231488507E-30
2.2400000000062072	8.363109499806362E-30	8.363041490622452E-30	1.6726150990428815E-29	1.746150352365491E-30
2.2500000000062728	8.363109499805534E-30	8.363052790862995E-30	1.6726162290668527E-29	1.746152711784493E-30
2.2600000000063383	8.363109499804698E-30	8.363064611091878E-30	1.6726174110896575E-29	1.7461551797737827E-30
2.270000000006404	8.363109499803947E-30	8.363076842936714E-30	1.672618634274066E-29	1.7461577337058894E-30
2.2800000000064693	8.363109499803156E-30	8.363089374251128E-30	1.6726198874054283E-29	1.746160350165356E-30
2.290000000006535	8.363109499802383E-30	8.363102090143092E-30	1.6726211589945475E-29	1.746163005163452E-30
2.3000000000066003	8.363109499801568E-30	8.363114874028257E-30	1.6726224373829826E-29	1.7461656743580995E-30
2.310000000006666	8.363109499800764E-30	8.363127608699101E-30	1.6726237108499866E-29	1.7461683332771073E-30
2.3200000000067313	8.363109499799962E-30	8.363140177399063E-30	1.6726249677199023E-29	1.7461709575424406E-30
2.330000000006797	8.363109499799173E-30	8.36315246489347E-30	1.6726261964692644E-29	1.7461735230938272E-30
2.3400000000068624	8.363109499798269E-30	8.363164358525718E-30	1.6726273858323987E-29	1.7461760064092766E-30
2.350000000006928	8.363109499797416E-30	8.363175749250327E-30	1.672628524904774E-29	1.7461783847207813E-30
2.3600000000069934	8.36310949979657E-30	8.363186532632739E-30	1.672629603242931E-29	1.7461806362230632E-30
2.370000000007059	8.363109499795635E-30	8.363196609806606E-30	1.6726306109602242E-29	1.7461827402734515E-30
2.3800000000071244	8.363109499794554E-30	8.363205888380452E-30	1.6726315388175005E-29	1.7461846775811894E-30
2.39000000000719	8.363109499793417E-30	8.363214283284686E-30	1.6726323783078103E-29	1.746186430384282E-30
2.4000000000072554	8.363109499792548E-30	8.363221717551631E-30	1.6726331217344179E-29	1.746187982612363E-30
2.410000000007321	8.363109499791804E-30	8.363228123021192E-30	1.6726337622812994E-29	1.7461893200340347E-30
2.4200000000073865	8.363109499790903E-30	8.363233440965303E-30	1.6726342940756204E-29	1.7461904303872468E-30
2.430000000007452	8.363109499790052E-30	8.363237622626992E-30	1.6726347122417043E-29	1.7461913034918514E-30
2.4400000000075175	8.36310949978931E-30	8.363240629667131E-30	1.672635012945644E-29	1.7461919313428794E-30
2.450000000007583	8.363109499788497E-30	8.363242434515948E-30	1.6726351934304445E-29	1.7461923081839366E-30
2.4600000000076485	8.363109499787656E-30	8.363243020625879E-30	1.6726352520413536E-29	1.746192430559996E-30
2.470000000007714	8.363109499786791E-30	8.36324238262328E-30	1.672635188241007E-29	1.7461922973490745E-30
2.4800000000077795	8.363109499785943E-30	8.363240526357583E-30	1.6726350026143527E-29	1.746191909772497E-30
2.490000000007845	8.363109499785044E-30	8.363237468847759E-30	1.6726346968632804E-29	1.746191271383717E-30
2.5000000000079106	8.363109499784195E-30	8.363233238126222E-30	1.6726342737910415E-29	1.7461903880357255E-30
2.510000000007976	8.363109499783273E-30	8.363227872981825E-30	1.6726337372765097E-29	1.746189267827391E-30
2.5200000000080416	8.363109499782306E-30	8.363221422604349E-30	1.6726330922386656E-29	1.7461879210292294E-30
2.530000000008107	8.36310949978151E-30	8.363213946133472E-30	1.6726323445914983E-29	1.7461863599892334E-30
2.5400000000081726	8.363109499780355E-30	8.363205512116126E-30	1.672631501189648E-29	1.7461845990195696E-30
2.550000000008238	8.363109499779189E-30	8.363196197878912E-30	1.6726305697658102E-29	1.7461826542655457E-30
2.5600000000083036	8.363109499778275E-30	8.36318608881841E-30	1.6726295588596687E-29	1.7461805435574284E-30
2.570000000008369	8.363109499777421E-30	8.363175277618305E-30	1.6726284777395728E-29	1.7461782862469878E-30
2.5800000000084347	8.36310949977654E-30	8.3631638633999E-30	1.672627336317644E-29	1.7461759030301265E-30
2.5900000000085	8.363109499775718E-30	8.363151950813232E-30	1.672626145058895E-29	1.7461734157571135E-30
2.6000000000085657	8.363109499774953E-30	8.363139649077534E-30	1.6726249148852486E-29	1.7461708472322357E-30
2.610000000008631	8.363109499774143E-30	8.363127070979869E-30	1.6726236570754013E-29	1.7461682210047205E-30
2.6200000000086967	8.363109499773346E-30	8.363114331841164E-30	1.672622383161451E-29	1.746165561152852E-30
2.6237800000087215	8.363109499773025E-30	8.36310949859274E-30	1.6726218998365764E-29	1.7461645520010442E-30
2.630000000008762	8.363109499772548E-30	8.363101548458804E-30	1.6726211048231352E-29	1.746162892063187E-30
2.6400000000088277	8.363109499771678E-30	8.363088838035786E-30	1.6726198337807464E-29	1.7461602382069723E-30
2.6500000000088932	8.363109499770861E-30	8.363076317106281E-30	1.6726185816877142E-29	1.746157623915809E-30
2.6600000000089588	8.363109499770065E-30	8.363064100467051E-30	1.6726173600237115E-29	1.7461550731585373E-30
2.6700000000090243	8.363109499769229E-30	8.363052300124946E-30	1.6726161799894176E-29	1.7461526093214813E-30
2.6800000000090898	8.363109499768394E-30	8.363041024270155E-30	1.6726150524038548E-29	1.7461502549940708E-30
2.6900000000091553	8.36310949976756E-30	8.363030376284109E-30	1.672613987605167E-29	1.746148031761697E-30
2.700000000009221	8.36310949976653E-30	8.363020453791586E-30	1.6726129953558115E-29	1.746145960007798E-30
2.7100000000092863	8.363109499765385E-30	8.363011347765904E-30	1.672612084753129E-29	1.7461440587270295E-30
2.720000000009352	8.363109499764355E-30	8.363003141694648E-30	1.6726112641459004E-29	1.7461423453510728E-30
2.7300000000094173	8.363109499763532E-30	8.36299591081444E-30	1.672610541057797E-29	1.74614083558886E-30
2.740000000009483	8.363109499762731E-30	8.362989721420679E-30	1.672609922118341E-29	1.7461395432824536E-30
2.7500000000095484	8.36310949976191E-30	8.36298463026013E-30	1.672609413002204E-29	1.74613848028022E-30
2.760000000009614	8.363109499761031E-30	8.362980684010543E-30	1.6726090183771574E-29	1.7461376563281784E-30
2.7700000000096794	8.363109499760176E-30	8.362977918852739E-30	1.6726087418612915E-29	1.7461370789806576E-30
2.780000000009745	8.363109499759435E-30	8.362976360138769E-30	1.6726085859898204E-29	1.746136753531005E-30
2.7900000000098104	8.363109499758605E-30	8.362976022159303E-30	1.672608552191791E-29	1.7461366829630225E-30
2.800000000009876	8.36310949975774E-30	8.362976908013243E-30	1.6726086407770983E-29	1.746136867923742E-30
2.8100000000099414	8.363109499756973E-30	8.362979009578743E-30	1.6726088509335716E-29	1.7461373067173722E-30
2.820000000010007	8.363109499756195E-30	8.362982307587811E-30	1.6726091807344007E-29	1.7461379953208792E-30
2.8300000000100725	8.363109499755373E-30	8.362986771802943E-30	1.6726096271558316E-29	1.7461389274208614E-30
2.840000000010138	8.363109499754512E-30	8.362992361294535E-30	1.6726101861049046E-29	1.746140094471476E-30
2.8500000000102035	8.363109499753646E-30	8.362999024815673E-30	1.672610852456932E-29	1.7461414857726904E-30
2.860000000010269	8.363109499752783E-30	8.363006701272716E-30	1.6726116201025497E-29	1.7461430885685377E-30
2.8700000000103345	8.363109499751669E-30	8.363015320284991E-30	1.672612482003666E-29	1.7461448881639766E-30
2.8800000000104	8.363109499750647E-30	8.363024802830141E-30	1.672613430258079E-29	1.746146868059637E-30
2.8900000000104655	8.363109499749755E-30	8.363035061968357E-30	1.672614456171811E-29	1.7461490101030346E-30
2.900000000010531	8.363109499748893E-30	8.363046003639806E-30	1.67261555033887E-29	1.7461512946550698E-30
2.9100000000105966	8.363109499748106E-30	8.363057527527057E-30	1.6726167027275163E-29	1.746153700770095E-30
2.920000000010662	8.363109499747314E-30	8.363069527974513E-30	1.6726179027721826E-29	1.7461562063878866E-30
2.9300000000107276	8.363109499746516E-30	8.363081894957445E-30	1.6726191394703963E-29	1.7461587885359758E-30
2.940000000010793	8.36310949974575E-30	8.363094515090522E-30	1.6726204014836272E-29	1.7461614235402194E-30
2.9500000000108586	8.363109499744946E-30	8.363107272667362E-30	1.6726216772412307E-29	1.7461640872418547E-30
2.960000000010924	8.363109499744183E-30	8.36312005072163E-30	1.6726229550465813E-29	1.746166755219048E-30
2.9700000000109896	8.363109499743449E-30	8.363132732099049E-30	1.67262422318425E-29	1.7461694030107245E-30
2.980000000011055	8.363109499742687E-30	8.363145200531725E-30	1.6726254700274413E-29	1.7461720063408805E-30
2.9900000000111207	8.363109499741982E-30	8.363157341704229E-30	1.672626684144621E-29	1.746174541341176E-30
3.000000000011186	8.363109499741166E-30	8.36316904430153E-30	1.6726278544042696E-29	1.7461769847697327E-30
3.0100000000112517	8.363109499740307E-30	8.363180201029705E-30	1.6726289700770012E-29	1.7461793142242566E-30
3.020000000011317	8.363109499739472E-30	8.363190709599455E-30	1.672630020933893E-29	1.7461815083473867E-30
3.0300000000113827	8.36310949973842E-30	8.363200473664102E-30	1.672630997340252E-29	1.7461835470225437E-30
3.040000000011448	8.36310949973729E-30	8.363209403702876E-30	1.6726318903440165E-29	1.746185411558355E-30
3.0500000000115137	8.363109499736333E-30	8.363217417841615E-30	1.6726326917577948E-29	1.7461870848600118E-30
3.0600000000115792	8.363109499735443E-30	8.363224442603777E-30	1.672633394233922E-29	1.7461885515860753E-30
3.0700000000116447	8.363109499734545E-30	8.363230413583625E-30	1.672633991331817E-29	1.7461897982890338E-30
3.0800000000117103	8.36310949973374E-30	8.363235276036842E-30	1.672634477577058E-29	1.7461908135386183E-30
3.0900000000117758	8.363109499732991E-30	8.363238985382409E-30	1.6726348485115401E-29	1.746191588026593E-30
3.1000000000118413	8.363109499732225E-30	8.36324150761159E-30	1.6726351007343815E-29	1.746192114652149E-30
3.110000000011907	8.363109499731395E-30	8.363242819599554E-30	1.672635231933095E-29	1.7461923885869663E-30
3.1200000000119723	8.363109499730623E-30	8.363242909317583E-30	1.6726352409048205E-29	1.7461924073195255E-30
3.130000000012038	8.363109499729796E-30	8.363241775943065E-30	1.672635127567286E-29	1.74619217067807E-30
3.1400000000121033	8.363109499728997E-30	8.363239429867254E-30	1.6726348929596252E-29	1.746191680832227E-30
3.150000000012169	8.363109499728113E-30	8.363235892599765E-30	1.6726345392327879E-29	1.7461909422730703E-30
3.1600000000122344	8.36310949972725E-30	8.363231196571664E-30	1.6726340696298914E-29	1.7461899617720012E-30
3.1700000000123	8.363109499726427E-30	8.36322538483805E-30	1.6726334884564476E-29	1.746188748318653E-30
3.1800000000123654	8.363109499725543E-30	8.36321851068309E-30	1.6726328010408634E-29	1.746187313038424E-30
3.190000000012431	8.363109499724576E-30	8.363210637131693E-30	1.6726320136856268E-29	1.746185669090518E-30
3.2000000000124964	8.363109499723478E-30	8.363201836371716E-30	1.6726311336095195E-29	1.7461838315473042E-30
3.210000000012562	8.363109499722418E-30	8.363192189091994E-30	1.672630168881441E-29	1.7461818172561036E-30
3.2200000000126274	8.363109499721597E-30	8.363181783742564E-30	1.672629128346416E-29	1.746179644684726E-30
3.230000000012693	8.363109499720763E-30	8.363170715723602E-30	1.6726280215444365E-29	1.746177333752127E-30
3.2400000000127585	8.363109499719938E-30	8.36315908651105E-30	1.6726268586230989E-29	1.746174905645843E-30
3.250000000012824	8.363109499719051E-30	8.363147002726058E-30	1.672625650244511E-29	1.7461723826276983E-30
3.2600000000128895	8.36310949971817E-30	8.363134575157475E-30	1.6726244074875644E-29	1.746169787829707E-30
3.270000000012955	8.36310949971734E-30	8.363121917746131E-30	1.672623141746347E-29	1.746167145041996E-30
3.2797300000130187	8.363109499716632E-30	8.363109491846815E-30	1.6726218991563446E-29	1.7461645505925375E-30
3.2800000000130205	8.363109499716596E-30	8.363109146540119E-30	1.6726218646256715E-29	1.7461644784946756E-30
3.290000000013086	8.363109499715876E-30	8.36309637863081E-30	1.6726205878346684E-29	1.746161812635686E-30
3.3000000000131515	8.363109499715118E-30	8.363083731079338E-30	1.6726193230794456E-29	1.7461591719066544E-30
3.310000000013217	8.363109499714403E-30	8.363071319843431E-30	1.6726180819557834E-29	1.746156580518823E-30
3.3200000000132825	8.363109499713624E-30	8.363059258714091E-30	1.6726168758427714E-29	1.746154062231036E-30
3.330000000013348	8.363109499712727E-30	8.363047658272406E-30	1.6726157157985133E-29	1.7461516401319278E-30
3.3400000000134136	8.363109499711815E-30	8.363036624875806E-30	1.6726146124587622E-29	1.7461493364282593E-30
3.350000000013479	8.363109499710974E-30	8.363026259682849E-30	1.6726135759393822E-29	1.7461471722413002E-30
3.3600000000135446	8.363109499709842E-30	8.363016657725475E-30	1.6726126157435318E-29	1.7461451674131196E-30
3.37000000001361	8.363109499708737E-30	8.363007907038272E-30	1.672611740674701E-29	1.746143340324786E-30
3.3800000000136756	8.363109499707852E-30	8.363000087851014E-30	1.6726109587558865E-29	1.7461417077277698E-30
3.390000000013741	8.363109499707008E-30	8.362993271852986E-30	1.6726102771559992E-29	1.7461402845903415E-30
3.4000000000138066	8.363109499706096E-30	8.362987521535896E-30	1.6726097021241994E-29	1.7461390839603767E-30
3.410000000013872	8.363109499705272E-30	8.362982889620961E-30	1.6726092389326235E-29	1.746138116845732E-30
3.4200000000139377	8.363109499704451E-30	8.362979418575358E-30	1.672608891827981E-29	1.746137392113288E-30
3.430000000014003	8.363109499703592E-30	8.362977140222993E-30	1.6726086639926585E-29	1.746136916407674E-30
3.4400000000140687	8.363109499702908E-30	8.362976075452712E-30	1.672608557515562E-29	1.7461366940903503E-30
3.450000000014134	8.363109499702147E-30	8.362976234026604E-30	1.672608573372875E-29	1.7461367271995795E-30
3.4600000000141997	8.36310949970137E-30	8.362977614490884E-30	1.6726087114192253E-29	1.7461370154318206E-30
3.4700000000142652	8.363109499700533E-30	8.362980204188835E-30	1.6726089703889368E-29	1.7461375561444302E-30
3.4800000000143307	8.363109499699692E-30	8.362983979377182E-30	1.6726093479076876E-29	1.746138344379963E-30
3.4900000000143963	8.36310949969877E-30	8.362988905443487E-30	1.6726098405142256E-29	1.746139372911559E-30
3.5000000000144618	8.363109499697865E-30	8.362994937223587E-30	1.6726104436921452E-29	1.7461406323092266E-30
3.5100000000145273	8.363109499696955E-30	8.363002019415618E-30	1.6726111519112575E-29	1.7461421110262848E-30
3.520000000014593	8.363109499695952E-30	8.363010087087382E-30	1.6726119586783334E-29	1.7461437955052997E-30
3.5300000000146583	8.363109499694831E-30	8.36301906627149E-30	1.6726128565966323E-29	1.7461456703023474E-30
3.540000000014724	8.363109499693826E-30	8.363028874643161E-30	1.6726138374336987E-29	1.7461477182285314E-30
3.5500000000147893	8.363109499692966E-30	8.363039422275477E-30	1.672614892196844E-29	1.7461499205076793E-30
3.560000000014855	8.363109499692146E-30	8.363050612463593E-30	1.6726160112155738E-29	1.7461522569484278E-30
3.5700000000149203	8.363109499691276E-30	8.363062342611393E-30	1.672617184230267E-29	1.746154706129355E-30
3.580000000014986	8.363109499690479E-30	8.363074505172352E-30	1.6726184004862832E-29	1.7461572455954247E-30
3.5900000000150514	8.363109499689674E-30	8.363086988635374E-30	1.672619648832505E-29	1.746159852063823E-30
3.600000000015117	8.363109499688896E-30	8.363099678547242E-30	1.6726209178236137E-29	1.746162501637438E-30
3.6100000000151824	8.363109499688087E-30	8.363112458561732E-30	1.672622195824982E-29	1.7461651700239134E-30
3.620000000015248	8.363109499687303E-30	8.36312521150671E-30	1.6726234711194013E-29	1.7461678327584453E-30
3.6300000000153134	8.363109499686489E-30	8.363137820458305E-30	1.6726247320144795E-29	1.7461704654280658E-30
3.640000000015379	8.363109499685724E-30	8.363150169812617E-30	1.672625966949834E-29	1.7461730438954105E-30
3.6500000000154444	8.363109499684807E-30	8.363162146345857E-30	1.6726271646030665E-29	1.7461755445200647E-30
3.66000000001551	8.363109499683909E-30	8.363173640252545E-30	1.6726283139936456E-29	1.7461779443753372E-30
3.6700000000155755	8.36310949968296E-30	8.363184546152045E-30	1.6726294045835007E-29	1.7461802214584147E-30
3.680000000015641	8.363109499681999E-30	8.36319476405491E-30	1.6726304263736907E-29	1.7461823548921313E-30
3.6900000000157065	8.363109499680896E-30	8.363204200279243E-30	1.672631369996014E-29	1.7461843251162966E-30
3.700000000015772	8.363109499679827E-30	8.3632127683102E-30	1.6726322267990027E-29	1.7461861140671578E-30
3.7100000000158375	8.363109499678911E-30	8.363220389592551E-30	1.6726329889271462E-29	1.7461877053428772E-30
3.720000000015903	8.363109499678081E-30	8.363226994251706E-30	1.6726336493929788E-29	1.7461890843540808E-30
3.7300000000159685	8.363109499677201E-30	8.363232521733484E-30	1.6726342021410687E-29	1.7461902384574368E-30
3.740000000016034	8.363109499676345E-30	8.363236921359625E-30	1.672634642103597E-29	1.746191157071645E-30
3.7500000000160996	8.363109499675546E-30	8.363240152792628E-30	1.6726349652468175E-29	1.746191831774489E-30
3.760000000016165	8.363109499674699E-30	8.363242186405442E-30	1.672635168608014E-29	1.7461922563800267E-30
3.7700000000162306	8.363109499673967E-30	8.363243003553211E-30	1.6726352503227176E-29	1.7461924269953307E-30
3.780000000016296	8.363109499673258E-30	8.363242596743966E-30	1.6726352096417223E-29	1.7461923420561245E-30
3.7900000000163616	8.363109499672459E-30	8.36324096970741E-30	1.672635046937987E-29	1.7461920023411465E-30
3.800000000016427	8.363109499671698E-30	8.363238137360897E-30	1.6726347637032595E-29	1.7461914109650464E-30
3.8100000000164926	8.363109499670883E-30	8.363234125672342E-30	1.6726343625343226E-29	1.7461905733497613E-30
3.820000000016558	8.363109499669973E-30	8.36322897142254E-30	1.6726338471092512E-29	1.7461894971748886E-30
3.8300000000166237	8.363109499669107E-30	8.363222721867715E-30	1.6726332221536824E-29	1.7461881923072314E-30
3.840000000016689	8.363109499668226E-30	8.363215434306197E-30	1.6726324933974422E-29	1.7461866707103186E-30
3.8500000000167547	8.363109499667176E-30	8.363207175553117E-30	1.6726316675220292E-29	1.7461849463347288E-30
3.86000000001682	8.36310949966602E-30	8.363198021328062E-30	1.6726307520994083E-29	1.7461830349902355E-30
3.8700000000168857	8.363109499665025E-30	8.363188055560532E-30	1.6726297555225559E-29	1.7461809542007876E-30
3.8800000000169512	8.363109499664108E-30	8.36317736962053E-30	1.6726286869284637E-29	1.7461787230438666E-30
3.8900000000170167	8.363109499663289E-30	8.363166061480945E-30	1.6726275561144234E-29	1.7461763619755947E-30
3.9000000000170822	8.363109499662432E-30	8.363154234819149E-30	1.672626373448158E-29	1.7461738926431533E-30
3.9100000000171478	8.363109499661613E-30	8.363141998066621E-30	1.6726251497728234E-29	1.7461713376863514E-30
3.9200000000172133	8.363109499660793E-30	8.36312946341465E-30	1.6726238963075442E-29	1.746168720530024E-30
3.930000000017279	8.363109499660094E-30	8.363116745785884E-30	1.6726226245445976E-29	1.7461660651692946E-30
3.935670000017316	8.363109499659629E-30	8.363109497888829E-30	1.672621899754846E-29	1.746164551854072E-30
3.9400000000173443	8.36310949965931E-30	8.36310396178039E-30	1.6726213461439698E-29	1.7461633959495232E-30
3.95000000001741	8.363109499658504E-30	8.363091228606945E-30	1.672620072826545E-29	1.746160737343163E-30
3.9600000000174753	8.363109499657605E-30	8.36307866300822E-30	1.6726188162665824E-29	1.746158113725348E-30
3.970000000017541	8.363109499656784E-30	8.363066380190603E-30	1.672617587984739E-29	1.746155549150446E-30
3.9800000000176063	8.363109499656001E-30	8.36305449276773E-30	1.672616399242373E-29	1.7461530671314745E-30
3.990000000017672	8.363109499655177E-30	8.363043109728086E-30	1.6726152609383263E-29	1.7461506904245424E-30
4.000000000017737	8.363109499654353E-30	8.36303233543586E-30	1.6726141835090213E-29	1.7461484408202345E-30
4.010000000017358	8.3631094996534E-30	8.3630222686739E-30	1.67261317683273E-29	1.7461463389437863E-30
4.02000000001698	8.36310949965227E-30	8.363013001738168E-30	1.6726122501390437E-29	1.7461444040660134E-30
4.030000000016601	8.36310949965118E-30	8.363004619591524E-30	1.6726114119242704E-29	1.7461426539266254E-30
4.040000000016223	8.363109499650329E-30	8.362997199084942E-30	1.6726106698735272E-29	1.7461411045716215E-30
4.050000000015844	8.363109499649443E-30	8.362990808252418E-30	1.672610030790186E-29	1.7461397702060704E-30
4.0600000000154655	8.363109499648604E-30	8.362985505687625E-30	1.672609500533623E-29	1.7461386630639632E-30
4.070000000015087	8.363109499647817E-30	8.362981340006478E-30	1.6726090839654295E-29	1.7461377932959952E-30
4.080000000014708	8.363109499647006E-30	8.362978349401664E-30	1.672608784904867E-29	1.7461371688765595E-30
4.09000000001433	8.363109499646241E-30	8.362976561292135E-30	1.6726086060938377E-29	1.74613679553056E-30
4.100000000013951	8.36310949964545E-30	8.362975992071929E-30	1.672608549171738E-29	1.7461366766809682E-30
4.110000000013573	8.36310949964463E-30	8.362976646959868E-30	1.6726086146604497E-29	1.746136813417442E-30
4.120000000013194	8.363109499643883E-30	8.362978519951754E-30	1.6726088019595638E-29	1.7461372044863434E-30
4.130000000012815	8.36310949964304E-30	8.36298159387523E-30	1.672609109351827E-29	1.7461378463021902E-30
4.140000000012437	8.363109499642181E-30	8.362985840547347E-30	1.672609534018953E-29	1.7461387329805625E-30
4.150000000012058	8.363109499641296E-30	8.362991221032949E-30	1.6726100720674244E-29	1.7461398563920437E-30
4.16000000001168	8.363109499640433E-30	8.362997686001538E-30	1.6726107185641971E-29	1.7461412062367377E-30
4.170000000011301	8.363109499639526E-30	8.363005176179738E-30	1.6726114675819262E-29	1.7461427701387362E-30
4.1800000000109225	8.363109499638371E-30	8.363013622894694E-30	1.6726123122533064E-29	1.746144533759581E-30
4.190000000010544	8.363109499637263E-30	8.363022948703757E-30	1.672613244834102E-29	1.7461464809297342E-30
4.200000000010165	8.363109499636317E-30	8.363033068104236E-30	1.6726142567740553E-29	1.7461485937967733E-30
4.210000000009787	8.363109499635458E-30	8.363043888317573E-30	1.672615338795303E-29	1.74615085298912E-30
4.220000000009408	8.363109499634623E-30	8.363055310139669E-30	1.672616480977429E-29	1.746153237793584E-30
4.23000000000903	8.363109499633775E-30	8.363067228850846E-30	1.672617672848462E-29	1.746155726345356E-30
4.240000000008651	8.363109499633062E-30	8.363079535175821E-30	1.6726189034808883E-29	1.746158295828446E-30
4.2500000000082725	8.363109499632313E-30	8.363092116285232E-30	1.6726201615917546E-29	1.7461609226847942E-30
4.260000000007894	8.363109499631515E-30	8.363104856830492E-30	1.6726214356462006E-29	1.7461635828303428E-30
4.270000000007515	8.363109499630792E-30	8.363117640001377E-30	1.672622713963217E-29	1.7461662518758536E-30
4.280000000007137	8.363109499629934E-30	8.363130348596784E-30	1.6726239848226718E-29	1.7461689053504742E-30
4.290000000006758	8.363109499629168E-30	8.363142866099422E-30	1.672625236572859E-29	1.7461715189261294E-30
4.30000000000638	8.36310949962832E-30	8.363155077743851E-30	1.672626457737217E-29	1.7461740686405185E-30
4.310000000006001	8.363109499627469E-30	8.363166871568926E-30	1.6726276371196396E-29	1.746176531116859E-30
4.3200000000056225	8.36310949962666E-30	8.36317813944428E-30	1.672628763907094E-29	1.7461788837782137E-30
4.330000000005244	8.363109499625701E-30	8.36318877806155E-30	1.672629827768725E-29	1.7461811050544464E-30
4.340000000004865	8.363109499624665E-30	8.363198689881764E-30	1.672630818950643E-29	1.746183174580034E-30
4.350000000004487	8.363109499623574E-30	8.363207784029505E-30	1.6726317283653077E-29	1.746185073380764E-30
4.360000000004108	8.363109499622541E-30	8.363215977125968E-30	1.672632547674851E-29	1.7461867840476656E-30
4.37000000000373	8.363109499621711E-30	8.36322319405381E-30	1.672633269367552E-29	1.746188290896712E-30
4.380000000003351	8.363109499620882E-30	8.363229368645559E-30	1.6726338868266442E-29	1.7461895801125515E-30
4.390000000002972	8.363109499620034E-30	8.363234444289933E-30	1.672634394390997E-29	1.746190639875106E-30
4.400000000002594	8.363109499619186E-30	8.363238374451412E-30	1.6726347874070596E-29	1.7461914604680516E-30
4.410000000002215	8.363109499618386E-30	8.363241123096742E-30	1.672635062271513E-29	1.746192034367872E-30
4.420000000001837	8.363109499617614E-30	8.363242665025248E-30	1.6726352164642863E-29	1.7461923563128258E-30
4.430000000001458	8.363109499616801E-30	8.363242986099945E-30	1.6726352485716747E-29	1.7461924233511987E-30
4.4400000000010795	8.363109499616064E-30	8.36324208337709E-30	1.6726351582993152E-29	1.7461922348683562E-30
4.450000000000701	8.363109499615262E-30	8.36323996513321E-30	1.6726349464748472E-29	1.746191792592385E-30
4.460000000000322	8.363109499614475E-30	8.363236650789115E-30	1.6726346150403589E-29	1.746191100578228E-30
4.469999999999944	8.363109499613626E-30	8.363232170731971E-30	1.6726341670345597E-29	1.7461901651705332E-30
4.479999999999565	8.363109499612784E-30	8.363226566036711E-30	1.6726336065649495E-29	1.7461889949454885E-30
4.489999999999187	8.363109499611852E-30	8.363219888089363E-30	1.6726329387701214E-29	1.7461876006321723E-30
4.499999999998808	8.36310949961096E-30	8.363212198116087E-30	1.6726321697727046E-29	1.7461859950142205E-30
4.5099999999984295	8.363109499609919E-30	8.363203566621383E-30	1.6726313066231303E-29	1.7461841928125297E-30
4.519999999998051	8.363109499608787E-30	8.363194072742218E-30	1.6726303572351003E-29	1.7461822105503982E-30
4.529999999997672	8.363109499607917E-30	8.363183803522305E-30	1.6726293303130224E-29	1.7461800664020057E-30
4.539999999997294	8.363109499607089E-30	8.363172853113709E-30	1.6726282352720797E-29	1.7461777800257095E-30
4.549999999996915	8.363109499606252E-30	8.363161321914056E-30	1.6726270821520308E-29	1.746175372383901E-30
4.559999999996537	8.363109499605399E-30	8.363149315645884E-30	1.6726258815251283E-29	1.7461728655507803E-30
4.569999999996158	8.363109499604608E-30	8.363136944387358E-30	1.6726246443991966E-29	1.746170282509974E-30
4.5799999999957794	8.363109499603803E-30	8.363124321562979E-30	1.6726233821166782E-29	1.7461676469438034E-30
4.589999999995401	8.363109499603057E-30	8.363111562903745E-30	1.6726221062506803E-29	1.7461649830161712E-30
4.5916199999953395	8.363109499602934E-30	8.363109491142401E-30	1.6726218990745335E-29	1.74616455044546E-30
4.599999999995022	8.363109499602312E-30	8.363098785385997E-30	1.6726208284988307E-29	1.746162315151E-30
4.609999999994644	8.363109499601521E-30	8.363086106158971E-30	1.6726195605760493E-29	1.746159667808312E-30
4.619999999994265	8.363109499600731E-30	8.363073641470784E-30	1.6726183141071515E-29	1.7461570652599813E-30
4.629999999993887	8.363109499599949E-30	8.363061505602573E-30	1.672617100520252E-29	1.7461545313671892E-30
4.639999999993508	8.36310949959912E-30	8.363049809820652E-30	1.672615930941977E-29	1.746152089361641E-30
4.649999999993129	8.363109499598307E-30	8.36303866135657E-30	1.6726148160954875E-29	1.7461497616326076E-30
4.659999999992751	8.363109499597488E-30	8.363028162423783E-30	1.6726137662021273E-29	1.7461475695216145E-30
4.669999999992372	8.363109499596404E-30	8.363018409280484E-30	1.6726127908876888E-29	1.746145533126766E-30
4.679999999991994	8.363109499595308E-30	8.363009491347395E-30	1.6726118990942704E-29	1.7461436711185455E-30
4.689999999991615	8.363109499594324E-30	8.363001490387503E-30	1.6726110989981826E-29	1.7461420005685487E-30
4.6999999999912365	8.363109499593524E-30	8.362994479756932E-30	1.6726103979350456E-29	1.746140536793072E-30
4.709999999990858	8.36310949959263E-30	8.362988523731701E-30	1.672609802332433E-29	1.746139293212544E-30
4.719999999990479	8.363109499591795E-30	8.36298367691905E-30	1.6726093176510843E-29	1.746138281228611E-30
4.729999999990101	8.363109499591021E-30	8.362979983756465E-30	1.6726089483347486E-29	1.7461375101195403E-30
4.739999999989722	8.36310949959024E-30	8.362977478104258E-30	1.6726086977694497E-29	1.7461369869551527E-30
4.749999999989344	8.363109499589501E-30	8.362976182935237E-30	1.672608568252474E-29	1.7461367165320244E-30
4.759999999988965	8.363109499588688E-30	8.362976110123911E-30	1.6726085609712598E-29	1.746136701329478E-30
4.7699999999885865	8.363109499587926E-30	8.36297726033795E-30	1.6726086759925877E-29	1.74613694148692E-30
4.779999999988208	8.363109499587094E-30	8.362979623031679E-30	1.6726089122618773E-29	1.746137434802479E-30
4.789999999987829	8.363109499586251E-30	8.362983176542958E-30	1.672609267612921E-29	1.746138176753237E-30
4.799999999987451	8.363109499585465E-30	8.362987888291927E-30	1.6726097387877393E-29	1.746139160536724E-30
4.809999999987072	8.363109499584577E-30	8.362993715079316E-30	1.6726103214663893E-29	1.7461403771332057E-30
4.819999999986694	8.363109499583648E-30	8.363000603482634E-30	1.6726110103066282E-29	1.746141815388402E-30
4.829999999986315	8.36310949958273E-30	8.3630084903465E-30	1.672611798992923E-29	1.7461434621158675E-30
4.839999999985936	8.363109499581693E-30	8.363017303361196E-30	1.672612680294289E-29	1.746145302217789E-30
4.849999999985558	8.363109499580608E-30	8.363026961725457E-30	1.6726136461306066E-29	1.7461473188233718E-30
4.859999999985179	8.363109499579728E-30	8.363037376887667E-30	1.6726146876467395E-29	1.7461494934435963E-30
4.869999999984801	8.3631094995789E-30	8.363048453357577E-30	1.6726157952936477E-29	1.7461518061407003E-30
4.879999999984422	8.363109499578023E-30	8.363060089581567E-30	1.672616958915959E-29	1.746154235710928E-30
4.8899999999840436	8.363109499577184E-30	8.363072178874452E-30	1.6726181678451635E-29	1.7461567598790854E-30
4.899999999983665	8.363109499576418E-30	8.363084610396794E-30	1.6726194109973213E-29	1.7461593555025966E-30
4.909999999983286	8.363109499575693E-30	8.363097270171504E-30	1.6726206769747196E-29	1.7461619987837638E-30
4.919999999982908	8.363109499574862E-30	8.363110042128731E-30	1.6726219541703594E-29	1.7461646654879333E-30
4.929999999982529	8.363109499574155E-30	8.36312280917034E-30	1.6726232308744497E-29	1.746167331165753E-30
4.939999999982151	8.363109499573449E-30	8.363135454242923E-30	1.672624495381637E-29	1.7461699713772083E-30
4.949999999981772	8.363109499572638E-30	8.363147861411555E-30	1.6726257360984194E-29	1.7461725619158183E-30
4.9599999999813935	8.363109499571744E-30	8.363159916922478E-30	1.6726269416494222E-29	1.7461750790305152E-30
4.969999999981015	8.363109499570909E-30	8.36317151024604E-30	1.6726281009816948E-29	1.746177499643404E-30
4.979999999980636	8.363109499570069E-30	8.363182535090162E-30	1.672629203466023E-29	1.7461798015613688E-30
4.989999999980258	8.36310949956922E-30	8.363192890374766E-30	1.6726302389943986E-29	1.7461819636795265E-30
4.999999999979879	8.363109499568106E-30	8.36320248115847E-30	1.6726311980726576E-29	1.746183966174715E-30
5.009999999979501	8.36310949956702E-30	8.363211219509195E-30	1.6726320719076215E-29	1.7461857906872698E-30
5.019999999979122	8.363109499566103E-30	8.363219025310381E-30	1.6726328524876485E-29	1.7461874204893587E-30
5.0299999999787435	8.36310949956524E-30	8.363225826995536E-30	1.6726335326560776E-29	1.7461888406383492E-30
5.039999999978365	8.363109499564311E-30	8.363231562204222E-30	1.6726341061768534E-29	1.7461900381137746E-30
5.049999999977986	8.363109499563494E-30	8.363236178353599E-30	1.6726345677917093E-29	1.74619100193667E-30
5.059999999977608	8.363109499562675E-30	8.363239633120965E-30	1.6726349132683638E-29	1.746191723270321E-30
5.069999999977229	8.363109499561893E-30	8.363241894831693E-30	1.6726351394393586E-29	1.746192195501266E-30
5.079999999976851	8.36310949956114E-30	8.363242942749552E-30	1.6726352442310692E-29	1.7461924142999103E-30
5.089999999976472	8.363109499560285E-30	8.36324276726675E-30	1.6726352266827035E-29	1.746192377660207E-30
5.099999999976093	8.363109499559515E-30	8.36324136999222E-30	1.6726350869551735E-29	1.7461920859180916E-30
5.109999999975715	8.363109499558741E-30	8.36323876373675E-30	1.672634826329549E-29	1.7461915417483764E-30
5.119999999975336	8.363109499557916E-30	8.363234972395385E-30	1.67263444719533E-29	1.746190750140196E-30
5.129999999974958	8.36310949955708E-30	8.363230030728668E-30	1.672633953028575E-29	1.7461897183513316E-30
5.139999999974579	8.363109499556184E-30	8.363223984043715E-30	1.67263334835999E-29	1.746188455841625E-30
5.1499999999742005	8.363109499555351E-30	8.363216887778952E-30	1.6726326387334302E-29	1.7461869741862687E-30
5.159999999973822	8.363109499554393E-30	8.36320880699558E-30	1.672631830654997E-29	1.7461852869696326E-30
5.169999999973443	8.36310949955329E-30	8.363199815781495E-30	1.6726309315334785E-29	1.746183409660802E-30
5.179999999973065	8.363109499552288E-30	8.363189996571653E-30	1.672629949612394E-29	1.7461813594716757E-30
5.189999999972686	8.363109499551377E-30	8.363179439392344E-30	1.672628893894372E-29	1.746179155199176E-30
5.199999999972308	8.363109499550653E-30	8.363168241035987E-30	1.672627774058664E-29	1.7461768170529504E-30
5.209999999971929	8.363109499549843E-30	8.363156504173338E-30	1.6726266003723182E-29	1.7461743664700044E-30
5.2199999999715505	8.363109499548981E-30	8.363144336412563E-30	1.6726253835961544E-29	1.746171825918246E-30
5.229999999971172	8.363109499548192E-30	8.363131849312478E-30	1.6726241348860672E-29	1.746169218690453E-30
5.239999999970793	8.363109499547421E-30	8.363119157359667E-30	1.6726228656907088E-29	1.7461665686907006E-30
5.247559999970507	8.363109499546886E-30	8.363109497185646E-30	1.6726218996732534E-29	1.7461645517072522E-30
5.249999999970415	8.363109499546724E-30	8.363106376918925E-30	1.672621587646565E-29	1.746163900215227E-30
5.259999999970036	8.363109499545946E-30	8.363093625166244E-30	1.672620312471219E-29	1.7461612377296394E-30
5.269999999969658	8.363109499545151E-30	8.36308101901469E-30	1.672619051855984E-29	1.7461586056446494E-30
5.279999999969279	8.363109499544383E-30	8.363068674042407E-30	1.672617817358679E-29	1.746156028092245E-30
5.2899999999689005	8.36310949954357E-30	8.363056703432874E-30	1.6726166202976444E-29	1.7461535287044235E-30
5.299999999968522	8.363109499542686E-30	8.363045216937271E-30	1.6726154716479958E-29	1.746151130396539E-30
5.309999999968143	8.363109499541815E-30	8.363034319868323E-30	1.6726143819410136E-29	1.7461488551572252E-30
5.319999999967765	8.363109499540883E-30	8.363024112134607E-30	1.672613361167549E-29	1.7461467238467627E-30
5.329999999967386	8.363109499539737E-30	8.363014687324488E-30	1.6726124186864223E-29	1.7461447560058127E-30
5.339999999967008	8.363109499538599E-30	8.363006131848361E-30	1.672611563138696E-29	1.7461429696763213E-30
5.349999999966629	8.363109499537699E-30	8.362998524146277E-30	1.6726108023683978E-29	1.7461413812360765E-30
5.35999999996625	8.363109499536874E-30	8.362991933968582E-30	1.6726101433505457E-29	1.7461400052485106E-30
5.369999999965872	8.36310949953599E-30	8.362986421736478E-30	1.6726095921272468E-29	1.74613885432919E-30
5.379999999965493	8.36310949953508E-30	8.362982037988284E-30	1.6726091537523365E-29	1.7461379390301972E-30
5.389999999965115	8.363109499534318E-30	8.36297882291606E-30	1.6726088322450377E-29	1.7461372677433807E-30
5.399999999964736	8.363109499533571E-30	8.362976805996753E-30	1.6726086305530324E-29	1.7461368466233417E-30
5.4099999999643575	8.363109499532743E-30	8.362976005722133E-30	1.6726085505254875E-29	1.746136679531045E-30
5.419999999963979	8.363109499531919E-30	8.3629764294295E-30	1.672608592896142E-29	1.7461367679984726E-30
5.4299999999636	8.363109499531071E-30	8.362978073234196E-30	1.6726087572765267E-29	1.7461371112145328E-30
5.439999999963222	8.363109499530248E-30	8.362980922065113E-30	1.6726090421595362E-29	1.7461377060324725E-30
5.449999999962843	8.363109499529471E-30	8.36298494980312E-30	1.6726094449332592E-29	1.746138546998782E-30
5.459999999962465	8.36310949952853E-30	8.362990119520199E-30	1.672609961904873E-29	1.7461396264031243E-30
5.469999999962086	8.363109499527663E-30	8.362996383818426E-30	1.672610588334609E-29	1.7461409343491112E-30
5.4799999999617075	8.363109499526842E-30	8.363003685264166E-30	1.6726113184791008E-29	1.7461424588449616E-30
5.489999999961329	8.363109499525792E-30	8.363011956914872E-30	1.6726121456440665E-29	1.7461441859134947E-30
5.49999999996095	8.363109499524638E-30	8.363021122932965E-30	1.67261306224576E-29	1.7461460997203003E-30
5.509999999960572	8.363109499523643E-30	8.363031099280829E-30	1.6726140598804471E-29	1.7461481827188552E-30
5.519999999960193	8.36310949952277E-30	8.363041794491448E-30	1.672615129401422E-29	1.7461504158114224E-30
5.529999999959815	8.363109499521857E-30	8.363053110506806E-30	1.6726162610028662E-29	1.746152778524106E-30
5.539999999959436	8.363109499521022E-30	8.363064943577343E-30	1.6726174443098366E-29	1.7461552491946524E-30
5.5499999999590575	8.363109499520259E-30	8.36307718521285E-30	1.672618668473311E-29	1.7461578051709893E-30
5.559999999958679	8.363109499519488E-30	8.363089723177177E-30	1.6726199222696663E-29	1.7461604230189155E-30
5.5699999999583	8.363109499518793E-30	8.363102442517426E-30	1.6726211942036218E-29	1.746163078736992E-30
5.579999999957922	8.363109499517963E-30	8.363115226617597E-30	1.672622472613556E-29	1.7461657479765313E-30
5.589999999957543	8.363109499517144E-30	8.363127958268073E-30	1.6726237457785218E-29	1.7461684062649055E-30
5.599999999957165	8.363109499516299E-30	8.36314052074013E-30	1.6726250020256427E-29	1.746171029229892E-30
5.609999999956786	8.363109499515497E-30	8.363152798856134E-30	1.672626229837163E-29	1.746173592823126E-30
5.619999999956407	8.363109499514662E-30	8.363164680045503E-30	1.6726274179560167E-29	1.7461760735405815E-30
5.629999999956029	8.363109499513786E-30	8.363176055376808E-30	1.6726285554890592E-29	1.746178448638061E-30
5.63999999995565	8.363109499512889E-30	8.363186820556558E-30	1.6726296320069446E-29	1.746180696339742E-30
5.649999999955272	8.3631094995119E-30	8.363196876885456E-30	1.6726306376397357E-29	1.7461827960378324E-30
5.659999999954893	8.3631094995108E-30	8.363206132163074E-30	1.6726315631673875E-29	1.7461847284814643E-30
5.6699999999545145	8.363109499509689E-30	8.363214501533319E-30	1.6726324001043008E-29	1.7461864759532208E-30
5.679999999954136	8.363109499508831E-30	8.363221908262759E-30	1.672633140777159E-29	1.7461880224316445E-30
5.689999999953757	8.363109499507929E-30	8.363228284443554E-30	1.6726337783951483E-29	1.7461893537380065E-30
5.699999999953379	8.363109499507047E-30	8.363233571616413E-30	1.6726343071123462E-29	1.746190457666375E-30
5.709999999953	8.363109499506232E-30	8.363237721306374E-30	1.6726347220812606E-29	1.7461913240954843E-30
5.719999999952622	8.363109499505531E-30	8.363240695467448E-30	1.6726350194972977E-29	1.7461919450815707E-30
5.729999999952243	8.363109499504715E-30	8.36324246683131E-30	1.6726351966336026E-29	1.7461923149311807E-30
5.7399999999518645	8.36310949950396E-30	8.363243019157432E-30	1.6726352518661392E-29	1.7461924302533937E-30
5.749999999951486	8.363109499503248E-30	8.363242347381954E-30	1.6726351846885202E-29	1.746192289990908E-30
5.759999999951107	8.363109499502464E-30	8.363240457663832E-30	1.6726349957166294E-29	1.7461918954296747E-30
5.769999999950729	8.363109499501705E-30	8.36323736732878E-30	1.6726346866830486E-29	1.746191250187194E-30
5.77999999995035	8.363109499500873E-30	8.363233104710155E-30	1.6726342604211027E-29	1.7461903601792913E-30
5.789999999949972	8.363109499500003E-30	8.363227708889297E-30	1.6726337208389298E-29	1.746189233565905E-30
5.799999999949593	8.363109499499063E-30	8.363221229337217E-30	1.672633072883628E-29	1.7461878806762705E-30
5.8099999999492145	8.363109499498167E-30	8.363213725461005E-30	1.6726323224959172E-29	1.746186313914213E-30
5.819999999948836	8.363109499497078E-30	8.36320526605904E-30	1.672631476555612E-29	1.746184547644401E-30
5.829999999948457	8.363109499496033E-30	8.363195928690576E-30	1.672630542818661E-29	1.7461825980607178E-30
5.839999999948079	8.363109499495048E-30	8.363185798964158E-30	1.6726295298459207E-29	1.7461804830376875E-30
5.8499999999477	8.363109499494175E-30	8.363174969753062E-30	1.6726284469247236E-29	1.7461782219666656E-30
5.859999999947322	8.36310949949334E-30	8.363163540343719E-30	1.672627303983706E-29	1.7461758355780322E-30
5.869999999946943	8.363109499492506E-30	8.363151615525399E-30	1.6726261115017904E-29	1.7461733457511275E-30
5.879999999946564	8.363109499491707E-30	8.363139304629486E-30	1.6726248804121192E-29	1.746170775313654E-30
5.889999999946186	8.363109499490794E-30	8.363126720527004E-30	1.6726236220017797E-29	1.7461681478323717E-30
5.899999999945807	8.363109499490033E-30	8.363113978594046E-30	1.6726223478084078E-29	1.74616548739708E-30
5.903509999945674	8.363109499489731E-30	8.363109490438456E-30	1.6726218989928187E-29	1.746164550298481E-30
5.909999999945429	8.3631094994892E-30	8.363101195653505E-30	1.6726210695142706E-29	1.7461628183996644E-30
5.91999999994505	8.363109499488397E-30	8.363088488904414E-30	1.6726197988392812E-29	1.7461601653105423E-30
5.9299999999446715	8.363109499487527E-30	8.363075974847153E-30	1.672618547433468E-29	1.7461575524542602E-30
5.939999999944293	8.363109499486735E-30	8.363063768215558E-30	1.6726173267702294E-29	1.7461550037865194E-30
5.949999999943914	8.363109499485902E-30	8.36305198092471E-30	1.6726161480410612E-29	1.746152542674484E-30
5.959999999943536	8.363109499485041E-30	8.363040721045101E-30	1.6726150220530143E-29	1.746150191682591E-30
5.969999999943157	8.363109499484182E-30	8.363030091811718E-30	1.67261395912959E-29	1.7461479723656544E-30
5.979999999942779	8.363109499483145E-30	8.36302019067746E-30	1.6726129690160606E-29	1.746145905071227E-30
5.9899999999424	8.36310949948206E-30	8.363011108419811E-30	1.672612060790187E-29	1.7461440087530738E-30
5.9999999999420215	8.363109499481081E-30	8.363002928308403E-30	1.6726112427789485E-29	1.7461423007973696E-30
6.009999999941643	8.363109499480225E-30	8.362995725341823E-30	1.6726105224822048E-29	1.746140796863347E-30
6.019999999941264	8.363109499479423E-30	8.36298956555956E-30	1.6726099065038982E-29	1.7461395107396345E-30
6.029999999940886	8.363109499478508E-30	8.362984505436888E-30	1.6726094004915397E-29	1.746138454217914E-30
6.039999999940507	8.363109499477659E-30	8.362980591367037E-30	1.6726090090844697E-29	1.7461376369847988E-30
6.049999999940129	8.363109499476863E-30	8.362977859235806E-30	1.672608735871267E-29	1.7461370665330176E-30
6.05999999993975	8.36310949947614E-30	8.362976334092369E-30	1.672608583356851E-29	1.7461367480926808E-30
6.0699999999393714	8.363109499475362E-30	8.362976029919691E-30	1.6726085529395052E-29	1.746136684583343E-30
6.079999999938993	8.36310949947462E-30	8.362976949506666E-30	1.6726086448981284E-29	1.7461368765873068E-30
6.089999999938614	8.363109499473787E-30	8.362979084422106E-30	1.6726088583895895E-29	1.746137322344195E-30
6.099999999938236	8.363109499472921E-30	8.362982415092294E-30	1.6726091914565216E-29	1.7461380177671372E-30
6.109999999937857	8.36310949947202E-30	8.362986910980349E-30	1.672609641045237E-29	1.7461389564802263E-30
6.119999999937479	8.363109499471199E-30	8.362992530866234E-30	1.6726102030337433E-29	1.746140129876978E-30
6.1299999999371	8.363109499470402E-30	8.362999223224428E-30	1.672610872269483E-29	1.7461415271991882E-30
6.139999999936721	8.363109499469501E-30	8.363006926696718E-30	1.672611642616622E-29	1.7461431356356487E-30
6.149999999936343	8.363109499468446E-30	8.36301557065493E-30	1.6726125070123376E-29	1.7461449404396418E-30
6.159999999935964	8.363109499467312E-30	8.363025075847807E-30	1.672613457531512E-29	1.7461469250640048E-30
6.169999999935586	8.363109499466411E-30	8.363035355128115E-30	1.6726144854594526E-29	1.7461490713129444E-30
6.179999999935207	8.363109499465492E-30	8.36304631425126E-30	1.672615581371675E-29	1.7461513595087833E-30
6.1899999999348285	8.363109499464614E-30	8.363057852739724E-30	1.6726167352204338E-29	1.74615376867245E-30
6.19999999993445	8.363109499463809E-30	8.363069864804288E-30	1.6726179364268097E-29	1.746156276715821E-30
6.209999999934071	8.36310949946302E-30	8.363082240313505E-30	1.6726191739776523E-29	1.7461588606441445E-30
6.219999999933693	8.363109499462154E-30	8.363094865803856E-30	1.6726204365266008E-29	1.746161496766953E-30
6.229999999933314	8.363109499461351E-30	8.36310762551991E-30	1.672621712498126E-29	1.746164160915243E-30
6.239999999932936	8.363109499460541E-30	8.363120402475713E-30	1.6726229901936254E-29	1.7461668286630834E-30
6.249999999932557	8.363109499459765E-30	8.363133079526927E-30	1.6726242578986692E-29	1.746169475551476E-30
6.2599999999321785	8.363109499458952E-30	8.363145540445566E-30	1.6726255039904518E-29	1.7461720773127483E-30
6.2699999999318	8.36310949945817E-30	8.363157670984976E-30	1.6726267170443146E-29	1.7461746100929202E-30
6.279999999931421	8.363109499457267E-30	8.363169359927621E-30	1.6726278859384888E-29	1.7461770506704712E-30
6.289999999931043	8.36310949945639E-30	8.363180500104739E-30	1.672628999956113E-29	1.7461793766692386E-30
6.299999999930664	8.363109499455591E-30	8.363190989378811E-30	1.6726300488834404E-29	1.746181566763553E-30
6.309999999930286	8.363109499454549E-30	8.36320073158003E-30	1.6726310231034578E-29	1.746183600873764E-30
6.319999999929907	8.363109499453446E-30	8.363209637388124E-30	1.672631913684157E-29	1.746185460350362E-30
6.329999999929528	8.363109499452451E-30	8.363217625151013E-30	1.6726327124603465E-29	1.7461871281449075E-30
6.33999999992915	8.36310949945166E-30	8.363224621634053E-30	1.6726334121085712E-29	1.7461885889664686E-30
6.349999999928771	8.363109499450826E-30	8.36323056269082E-30	1.6726340062141647E-29	1.7461898294216762E-30
6.359999999928393	8.363109499449951E-30	8.363235393851135E-30	1.6726344893301085E-29	1.7461908381375E-30
6.369999999928014	8.363109499449199E-30	8.363239070821094E-30	1.672634857027029E-29	1.7461916058656522E-30
6.379999999927636	8.363109499448425E-30	8.363241559888759E-30	1.6726351059337184E-29	1.7461921255672925E-30
6.389999999927257	8.36310949944774E-30	8.36324283823335E-30	1.6726352337681089E-29	1.7461923924775856E-30
6.399999999926878	8.363109499446951E-30	8.363242894134495E-30	1.6726352393581446E-29	1.7461924041493925E-30
6.4099999999265	8.363109499446207E-30	8.36324172707975E-30	1.6726351226525955E-29	1.7461921604757175E-30
6.419999999926121	8.363109499445422E-30	8.363239347769078E-30	1.67263488472145E-29	1.7461916636906457E-30
6.429999999925743	8.363109499444607E-30	8.363235778016852E-30	1.672634527746146E-29	1.7461909183488806E-30
6.439999999925364	8.363109499443737E-30	8.363231050551953E-30	1.672634054999569E-29	1.746189931284006E-30
6.4499999999249855	8.363109499442913E-30	8.363225208717657E-30	1.672633470816057E-29	1.746188711545825E-30
6.459999999924607	8.363109499442103E-30	8.363218306074239E-30	1.6726327805516342E-29	1.7461872703173853E-30
6.469999999924228	8.363109499441143E-30	8.363210405907628E-30	1.672631990534877E-29	1.7461856208123905E-30
6.47999999992385	8.363109499440037E-30	8.36320158064985E-30	1.6726311080089888E-29	1.7461837781541908E-30
6.489999999923471	8.363109499438985E-30	8.363191911214258E-30	1.672630141065324E-29	1.7461817592369837E-30
6.499999999923093	8.363109499438194E-30	8.363181486254055E-30	1.672629098569225E-29	1.746179582571E-30
6.509999999922714	8.363109499437268E-30	8.363170401349158E-30	1.6726279900786425E-29	1.7461772681127243E-30
6.5199999999223355	8.363109499436416E-30	8.363158758130414E-30	1.6726268257566829E-29	1.7461748370820358E-30
6.529999999921957	8.363109499435665E-30	8.363146663347435E-30	1.6726256162783102E-29	1.7461723117675813E-30
6.539999999921578	8.363109499434868E-30	8.363134227889791E-30	1.672624372732466E-29	1.7461697153224037E-30
6.5499999999212	8.363109499434115E-30	8.363121565770669E-30	1.6726231065204786E-29	1.7461670715517385E-30
6.559449999920842	8.363109499433358E-30	8.363109496481275E-30	1.6726218995914635E-29	1.746164551560184E-30
6.559449999920842	8.363109499433358E-30	8.363109496481275E-30	1.6726218995914635E-29	1.746164551560184E-30

#Absolute change in energy: 4.085367963668001E-39J
#Percentage change: 2.4424934073074135E-8%
#Absolute change in angular momentum: 7.346881731593227E-40kgm^2s^-1
#Percentage change: 4.207439511893476E-8%