# EMSIM OUTPUT FILE 
# PARAMETERS OF SIMULATION RUN 
# ---------------------------- 
# Mode               : 1 
# Magnetic field?      true
# Failing field?       false
# Point charge?        false
# Electric field?      true
# Magnetic strength  : 1.0E-7T 
# Electric strength  : 1.0E-7NC^-1 
# Phase              : 1.5707963267948966
# Algorithm          : 3
# Time-step          : 1.0E-5s 
# Number of Turns    : 100.0
# Number of particles: 100
# Spread in x        : 0.010439684858214946m 
# Spread in y        : 0.010439684858214946m 
# Spread in z        : 0.010439684858214946m 
# Intial average v   : 1000.0ms^-1 
# Intial v_sigma     : 0.1ms^-1 
# ----------------------------- 
Spread in x 	 Spread in y 	 Spread in z 
0.011060508999270455	0.010647261211791756	0.010851855662381737
0.01107211863785229	0.01064722476420955	0.010851855662381737
0.011072756993312088	0.010647275067871465	0.010851855662381737
0.01106460505478693	0.010647637089032316	0.010851855662381737
0.01106423178660565	0.010647099863857215	0.010851855662381737
0.011073650099278576	0.010646859504857192	0.010851855662381737
0.011073691619008563	0.010647194667663323	0.010851855662381737
0.011064542562195356	0.010647411389862848	0.010851855662381737
0.011062973030698808	0.01064760472412643	0.010851855662381737
0.011071194151264563	0.010647186369422858	0.010851855662381737
0.011069039322863294	0.010647322073014054	0.010851855662381737
0.011076659722004334	0.010647280725263338	0.010851855662381737
0.011074892081383236	0.01064777221639792	0.010851855662381737
0.011062351932985215	0.010647655901707355	0.010851855662381737
0.01105818873341502	0.010647543582986085	0.010851855662381737
0.01718951584953743	0.019730134672343524	0.010851855662381737
0.01106461216438892	0.010647309168964524	0.010851855662381737
0.011081211503014443	0.010647641544030244	0.010851855662381737
0.011066477682903808	0.010647807268520723	0.010851855662381737
0.011063315079414604	0.010647541447238779	0.010851855662381737
0.011067743553302867	0.010647134738242334	0.010851855662381737
0.01108295968383266	0.010647143119508398	0.010851855662381737
0.01106782393874628	0.010647731881927719	0.010851855662381737
0.011063063016149899	0.010647650988738775	0.010851855662381737
0.011066480997376837	0.010647094211709632	0.010851855662381737
0.011079701210803483	0.010646920020441278	0.010851855662381737
0.011082733565906944	0.010647300835687927	0.010851855662381737
0.011076376124125042	0.010647515525498658	0.010851855662381737
0.011080394785064618	0.010647255704590821	0.010851855662381737
0.011072245358092925	0.010646865012404416	0.010851855662381737
0.01107607795151555	0.010647023902408358	0.010851855662381737
0.027578318523580947	0.011045228245339267	0.010851855662381737
0.011068923261332131	0.01064707554239968	0.010851855662381737
0.011070958874205283	0.010647601150222131	0.010851855662381737
0.011062007784262695	0.01064752736288965	0.010851855662381737
0.011064240911958567	0.010647494738921709	0.010851855662381737
0.0110760500290914	0.010647305979417862	0.010851855662381737
0.011077685748289268	0.010647649244795025	0.010851855662381737
0.011068734410970116	0.010647379234422777	0.010851855662381737
0.011069359638319787	0.010647101663941687	0.010851855662381737
0.011082169502522277	0.010647207443726346	0.010851855662381737
0.011064041849057737	0.010647312465040089	0.010851855662381737
0.011055688432549893	0.010647885676311973	0.010851855662381737
0.011056312857120165	0.01064735106548572	0.010851855662381737
0.011066737746272093	0.010647323257484029	0.010851855662381737
0.011066974205023339	0.01064768353675981	0.010851855662381737
0.01105841975734867	0.010648090050571407	0.010851855662381737
0.018404316097033302	0.0160029006445086	0.010851855662381737
0.011058243351226071	0.010647351200023641	0.010851855662381737
0.011067858745330561	0.010647123682726405	0.010851855662381737
0.011068695202323564	0.010647307162017566	0.010851855662381737
0.011059940455807826	0.010647518099130086	0.010851855662381737
0.011061362472573055	0.010648026768684277	0.010851855662381737
0.0110514127385688	0.010647634012382536	0.010851855662381737
0.011052446443119646	0.010647588553627733	0.010851855662381737
0.011062857542632809	0.010647580198835025	0.010851855662381737
0.011063093452196249	0.010647922795962288	0.010851855662381737
0.011051942946410875	0.010647843389187513	0.010851855662381737
0.011052366988592244	0.010647588799700347	0.010851855662381737
0.011063177652050893	0.010647391487758742	0.010851855662381737
0.011064212768511883	0.010647582445080229	0.010851855662381737
0.01105446081271566	0.010647768554197624	0.010851855662381737
0.011054685208568671	0.010647296194922502	0.010851855662381737
0.011079994327551912	0.010680611091869352	0.010851855662381737
0.011066295127041492	0.010647264590661594	0.010851855662381737
0.011067730547907217	0.01064732424602843	0.010851855662381737
0.011059376859874348	0.01064770875201908	0.010851855662381737
0.011060000426124095	0.010647178366305667	0.010851855662381737
0.011071215365490161	0.010646963207394746	0.010851855662381737
0.011072652821359164	0.01064728968610164	0.010851855662381737
0.01106469890364803	0.010647475030422522	0.010851855662381737
0.01106632308100819	0.010647688973060981	0.010851855662381737
0.01105657539776761	0.010647271393412202	0.010851855662381737
0.011059009930556307	0.010647394691965581	0.010851855662381737
0.011052052607551932	0.0106474251574757	0.010851855662381737
0.011054286005181435	0.010647927221172157	0.010851855662381737
0.011045529420712352	0.010647834749483354	0.010851855662381737
0.011048562236551707	0.010647765243828428	0.010851855662381737
0.011061368898597213	0.010647579215185016	0.010851855662381737
0.011064001099061915	0.010647897458284372	0.010851855662381737
0.01595963296848879	0.01968004251983757	0.010851855662381737
0.011056644502397184	0.010647622191972034	0.010851855662381737
0.011060064670306957	0.010647331408393823	0.010851855662381737
0.011074283891685965	0.010647386416981926	0.010851855662381737
0.011058147951398922	0.01064745036282329	0.010851855662381737
0.011055170152300065	0.010647509188556012	0.010851855662381737
0.0110604989387042	0.010646921720133132	0.010851855662381737
0.011070423036648513	0.01064688992832776	0.010851855662381737
0.011065559792502455	0.010647251696698992	0.010851855662381737
0.011063706816580421	0.01064761643309411	0.010851855662381737
0.011072229127160327	0.0106473322204809	0.010851855662381737
0.011070164937158289	0.01064709941399814	0.010851855662381737
0.011060118892935122	0.010647240510471024	0.010851855662381737
0.011058462283407344	0.010647389208093185	0.010851855662381737
0.01106738192729484	0.010646947897494438	0.010851855662381737
0.011066514208006417	0.010647031710514673	0.010851855662381737
0.0275104883232018	0.012169020195624825	0.010851855662381737
0.011065509790646466	0.010646952646119152	0.010851855662381737
0.011063937969495008	0.010647388028990396	0.010851855662381737
0.011068322289689014	0.010647208274613488	0.010851855662381737
0.011069052004878621	0.010647034275967313	0.010851855662381737
0.011060803411589326	0.010646750450776092	0.010851855662381737
0.011062540058387249	0.01064704654497151	0.010851855662381737
0.011074055768977686	0.010647653327177264	0.010851855662381737
0.011076194770511805	0.010647204358545702	0.010851855662381737
0.011069541641406389	0.010647291865869634	0.010851855662381737
