# EMSIM OUTPUT FILE 
# PARAMETERS OF SIMULATION RUN 
# ---------------------------- 
# Mode               : 1 
# Magnetic field?      true
# Failing field?       false
# Point charge?        false
# Electric field?      true
# Magnetic strength  : 1.0E-7T 
# Electric strength  : 1.0E-7NC^-1 
# Phase              : 1.5707963267948966
# Algorithm          : Runge-Kutta-Fehlbergy
# Time-step          : 0.001s 
# Number of Turns    : 100.0
# Number of particles: 10
# Spread in x        : 0.010439684858214946m 
# Spread in y        : 0.010439684858214946m 
# Spread in z        : 0.010439684858214946m 
# Intial average v   : 1000.0ms^-1 
# Intial v_sigma     : 0.1ms^-1 
# ----------------------------- 
Spread in x 	 Spread in y 	 Spread in z 
0.010934931830525421	0.010940797314227313	0.009421650253881206
0.010958627710500112	0.01093165588632489	0.009421650253881206
0.010958627780553933	0.010933137893224615	0.009421650253881206
0.010982956925023601	0.010930604606406116	0.009421650253881206
0.010997863573700375	0.010932475076890186	0.009421650253881206
0.010997786790885034	0.010931811042756256	0.009421650253881206
0.010997786519491626	0.010933419248124618	0.009421650253881206
0.010997787916889129	0.01093502763245277	0.009421650253881206
0.010990317715499132	0.010938145018845519	0.009421650253881206
0.010990305961593949	0.010933709112192776	0.009421650253881206
0.010990291407287217	0.010935915907350754	0.009421650253881206
0.010990293347471619	0.0109375193314101	0.009421650253881206
0.010966896558797734	0.010931473591788893	0.009421650253881206
0.010966876280044002	0.010927037198490447	0.009421650253881206
0.011136711899446983	0.010921345083860015	0.009421650253881206
0.01113670768423286	0.010922394258825546	0.009421650253881206
0.011136691197471404	0.0109179070317024	0.009421650253881206
0.011136692947730453	0.01091953558218918	0.009421650253881206
0.011112493778922317	0.01091540998836732	0.009421650253881206
0.01109751480684068	0.010919754199987086	0.009421650253881206
0.011097493357670518	0.010915530746443528	0.009421650253881206
0.011097554865050707	0.010920643989822149	0.009421650253881206
0.011097496406964946	0.0109257551247057	0.009421650253881206
0.011192420353035859	0.010923951631989698	0.009421650253881206
0.011192386351793315	0.01092507723616102	0.009421650253881206
0.01128964124504872	0.010923224306178148	0.009421650253881206
0.011289637779186346	0.010924326190124067	0.009421650253881206
0.011304460181023157	0.010926626591325012	0.009421650253881206
0.011304483896088291	0.010923794839940298	0.009421650253881206
0.011304488884337993	0.010925502768097145	0.009421650253881206
0.011308280543850469	0.01093071838079468	0.009421650253881206
0.011355322006895041	0.010924930652852449	0.009421650253881206
0.011355381760384087	0.010930162510269362	0.009421650253881206
0.011355383841629152	0.010931774103957362	0.009421650253881206
0.011307958783982497	0.010932275165120908	0.009421650253881206
0.01128444748366142	0.010922419759183854	0.009421650253881206
0.011260153324940236	0.01092340437084531	0.009421650253881206
0.011163904287066928	0.010919829996152763	0.009421650253881206
0.011163909427080898	0.010921365062546068	0.009421650253881206
0.011163891430832296	0.010917136371232303	0.009421650253881206
0.011163893647610723	0.01091867136843809	0.009421650253881206
0.011163895630212028	0.010930733620768462	0.009421650253881206
0.011163900516298786	0.01093226804545902	0.009421650253881206
0.01116389768735604	0.010933402556407984	0.009421650253881206
0.011163899320262183	0.010934874808893325	0.009421650253881206
0.011160101443556614	0.010940079352416782	0.009421650253881206
0.011149057133894913	0.010936253294193201	0.009421650253881206
0.011149010258867498	0.010941963052812947	0.009421650253881206
0.011149009733325999	0.01094350987744562	0.009421650253881206
0.01117267604247374	0.0109400676842831	0.009421650253881206
0.011176340753545233	0.010936526630783955	0.009421650253881206
0.01120058019728809	0.010932928124447905	0.009421650253881206
0.011200594229181071	0.010939728577673197	0.009421650253881206
0.01120059601701362	0.010941346432394444	0.009421650253881206
0.011107307467316252	0.010933332035094223	0.009421650253881206
0.011107307722169724	0.010934909454928685	0.009421650253881206
0.011143918745124548	0.010935027490992844	0.009421650253881206
0.011143921497099418	0.010936575646922575	0.009421650253881206
0.011120633820590253	0.010926984408137913	0.009421650253881206
0.011120634045652	0.01092847300542689	0.009421650253881206
0.011144016503640275	0.010919783034504832	0.009421650253881206
0.011144005201869422	0.010915706996238988	0.009421650253881206
0.011216545459399763	0.01091314097379513	0.009421650253881206
0.011216556503215624	0.010914288491729124	0.009421650253881206
0.011216514464498895	0.010919973092524932	0.009421650253881206
0.01121650268557639	0.010915627266303185	0.009421650253881206
0.011216487651861451	0.010922569351773007	0.009421650253881206
0.011201643441990594	0.010925831684979237	0.009421650253881206
0.011201646833280954	0.010927450443519254	0.009421650253881206
0.011216125987615566	0.01092594636160938	0.009421650253881206
0.011216067436760735	0.010931112280219826	0.009421650253881206
0.011310205248213023	0.010929441881193575	0.009421650253881206
0.011310210068347093	0.010931119798391814	0.009421650253881206
0.011452779400817237	0.010921868651175434	0.009421650253881206
0.011452773615866052	0.010923005832448582	0.009421650253881206
0.011452778108330897	0.01092471731105718	0.009421650253881206
0.011452762177172282	0.01092000265173169	0.009421650253881206
0.011429727902203535	0.01091644259934943	0.009421650253881206
0.011433476274814058	0.010921566772230246	0.009421650253881206
0.011339166152756208	0.010918977495882415	0.009421650253881206
0.011339204610804954	0.010918204625269448	0.009421650253881206
0.011339206034443272	0.010919729208968318	0.009421650253881206
0.01129232468314667	0.010920155952181876	0.009421650253881206
0.011268791178525861	0.010921468091786068	0.009421650253881206
0.011244771570972034	0.0109166604897716	0.009421650253881206
0.011244770298094675	0.010917355665670508	0.009421650253881206
0.01124477280177305	0.01091890872827897	0.009421650253881206
0.011244701374141242	0.010923387676768093	0.009421650253881206
0.011237501748096568	0.010919212992353329	0.009421650253881206
0.01123747026036881	0.010929978425766845	0.009421650253881206
0.011237470330402122	0.010931552730903182	0.009421650253881206
0.01123748075192621	0.01093250404815925	0.009421650253881206
0.011241062390832779	0.010934881723361628	0.009421650253881206
0.011237393021326314	0.010937132188876195	0.009421650253881206
0.01123739305063931	0.010938645384647505	0.009421650253881206
0.011237389317904523	0.010934476949857776	0.009421650253881206
0.011146403348312628	0.010932520079148161	0.009421650253881206
0.01116969344618779	0.010929083814432222	0.009421650253881206
0.011216256517577516	0.010928635173407059	0.009421650253881206
0.011240094582565252	0.010919341197691106	0.009421650253881206
