# EMSIM OUTPUT FILE 
# PARAMETERS OF SIMULATION RUN 
# ---------------------------- 
# Mode               : 1 
# Magnetic field?      true
# Failing field?       false
# Point charge?        false
# Electric field?      true
# Magnetic strength  : 1.0E-7T 
# Electric strength  : 1.0E-7NC^-1 
# Phase              : 1.5707963267948966
# Algorithm          : 4
# Time-step          : 1.0E-6s 
# Number of Turns    : 10.0
# Number of particles: 10
# Spread in x        : 1.0439684858214948E-5m 
# Spread in y        : 1.0439684858214948E-5m 
# Spread in z        : 1.0439684858214948E-5m 
# Intial average v   : 0.1ms^-1 
# Intial v_sigma     : 1.0000000000000002E-6ms^-1 
# ----------------------------- 
Spread in x 	 Spread in y 	 Spread in z 
7.237262053891925E-6	9.181201535678858E-6	9.493526677888017E-6
7.237263132188046E-6	9.181777316094472E-6	9.493526677888017E-6
7.2372649293287185E-6	9.182353049606363E-6	9.493526677888017E-6
7.237267445237032E-6	9.182928712572552E-6	9.493526677888017E-6
7.237270679799052E-6	9.183504281739423E-6	9.493526677888017E-6
7.2372746329052584E-6	9.184079733530297E-6	9.493526677888017E-6
1.0726315083929615E-5	1.1842669398611817E-5	9.493526677888017E-6
3.517709568794797E-5	4.419596561227104E-5	9.493526677888017E-6
7.397652975424732E-5	5.5512217543378026E-5	9.493526677888017E-6
1.118328054758172E-4	4.133140538770466E-5	9.493526677888017E-6
1.338258291492811E-4	7.242531039747084E-6	9.493526677888017E-6
1.3578836138137748E-4	4.894687964486022E-6	9.493526677888017E-6
1.3581419884528545E-4	5.3164336915988565E-6	9.493526677888017E-6
1.35837359102213E-4	5.738337006580552E-6	9.493526677888017E-6
1.358578411971116E-4	6.160380704519052E-6	9.493526677888017E-6
1.3587564429604765E-4	6.58254757488623E-6	9.493526677888017E-6
1.3589076767555122E-4	7.0048204019166786E-6	9.493526677888017E-6
1.3590321072303596E-4	7.4271819655540565E-6	9.493526677888017E-6
1.359129729301481E-4	7.84961504202565E-6	9.493526677888017E-6
1.3592005388988332E-4	8.272102404594873E-6	9.493526677888017E-6
1.359244533185068E-4	8.694626824653768E-6	9.493526677888017E-6
1.3592617103570445E-4	9.117171071731218E-6	9.493526677888017E-6
1.2990251233543915E-4	3.771523053382707E-5	9.493526677888017E-6
1.0042761271730413E-4	7.03383829342031E-5	9.493526677888017E-6
5.743470017307607E-5	7.885777684935903E-5	9.493526677888017E-6
1.7868340188333977E-5	5.9915702530595125E-5	9.493526677888017E-6
7.999297030113737E-6	2.097769241278134E-5	9.493526677888017E-6
8.849627302976826E-6	1.3196202696966457E-5	9.493526677888017E-6
8.87180710359021E-6	1.2111124378590523E-5	9.493526677888017E-6
8.88705730958111E-6	1.1025926547861829E-5	9.493526677888017E-6
8.895377299041919E-6	9.940653458416233E-6	9.493526677888017E-6
8.896766732538236E-6	8.855349367292172E-6	9.493526677888017E-6
8.891225553306304E-6	7.770058532467463E-6	9.493526677888017E-6
8.883257745462807E-6	7.01309958176677E-6	9.493526677888017E-6
8.878753987572347E-6	6.684825211539102E-6	9.493526677888017E-6
8.859352543914164E-6	5.599693659682467E-6	9.493526677888017E-6
8.833022013590822E-6	4.514708127941651E-6	9.493526677888017E-6
8.799763470606568E-6	3.4299128617465858E-6	9.493526677888017E-6
8.759578270881431E-6	2.345352098259056E-6	9.493526677888017E-6
8.712468053164769E-6	1.261070064764822E-6	9.493526677888017E-6
8.658434738576936E-6	1.7711097800832652E-7	9.493526677888017E-6
8.59748053054599E-6	9.663914478277424E-7	9.493526677888017E-6
8.529607914767746E-6	1.997948362217534E-6	9.493526677888017E-6
8.454819659048748E-6	3.0723866459200474E-6	9.493526677888017E-6
8.373118813215311E-6	4.154612071978307E-6	9.493526677888017E-6
8.284508708978212E-6	5.236293702737954E-6	9.493526677888017E-6
8.188992959798136E-6	6.317387427457453E-6	9.493526677888017E-6
8.08657546075498E-6	7.397849160393501E-6	9.493526677888017E-6
7.97726038840029E-6	8.477634840985777E-6	9.493526677888017E-6
7.861052200518415E-6	9.556700435974712E-6	9.493526677888017E-6
7.737955636025862E-6	1.0635001941457244E-5	9.493526677888017E-6
7.607975714712012E-6	1.1712495385114642E-5	9.493526677888017E-6
7.471117737100285E-6	1.278913682716367E-5	9.493526677888017E-6
7.3273872841676595E-6	1.38648823621697E-5	9.493526677888017E-6
7.176790217181526E-6	1.4939688122696032E-5	9.493526677888017E-6
7.0193326773783295E-6	1.601351027936314E-5	9.493526677888017E-6
6.8550210858099386E-6	1.7086305041693055E-5	9.493526677888017E-6
6.683862143026272E-6	1.815802866157333E-5	9.493526677888017E-6
6.505862828764701E-6	1.9228637434827022E-5	9.493526677888017E-6
6.321030401742507E-6	2.029808770256166E-5	9.493526677888017E-6
6.129372399327855E-6	2.136633585315148E-5	9.493526677888017E-6
5.9308966372165065E-6	2.2433338323654797E-5	9.493526677888017E-6
5.7256112091488755E-6	2.3499051603231304E-5	9.493526677888017E-6
5.5135244865476304E-6	2.4563432232101973E-5	9.493526677888017E-6
5.294645118188775E-6	2.562643680548134E-5	9.493526677888017E-6
5.0689820298474954E-6	2.6688021974698204E-5	9.493526677888017E-6
4.836544423930965E-6	2.7748144448912724E-5	9.493526677888017E-6
4.597341779128555E-6	2.8806760996900513E-5	9.493526677888017E-6
4.351383849978779E-6	2.9863828449038708E-5	9.493526677888017E-6
4.098680666517738E-6	3.0919303698276833E-5	9.493526677888017E-6
3.839242533829447E-6	3.197314370351412E-5	9.493526677888017E-6
3.573080031641729E-6	3.3025305489323186E-5	9.493526677888017E-6
1.12972771924945E-5	1.4372348982022443E-5	9.493526677888017E-6
1.1074413863903024E-5	3.360972042076339E-5	9.493526677888017E-6
2.3072629788083512E-5	7.19636974274105E-5	9.493526677888017E-6
6.908504064268017E-5	8.557332974958205E-5	9.493526677888017E-6
1.1414234268232806E-4	6.90747187712744E-5	9.493526677888017E-6
1.2679903371958304E-4	5.6010521787749293E-5	9.493526677888017E-6
1.270945983439173E-4	5.49180353058612E-5	9.493526677888017E-6
1.2738318050373523E-4	5.382368366987027E-5	9.493526677888017E-6
1.276647684107131E-4	5.272751150583438E-5	9.493526677888017E-6
1.2793935059224326E-4	5.162956351591567E-5	9.493526677888017E-6
1.2820691583459443E-4	5.052988447332454E-5	9.493526677888017E-6
1.2828736605388635E-4	5.019313176025763E-5	9.493526677888017E-6
1.2846745324771036E-4	4.942851922256278E-5	9.493526677888017E-6
1.28720952199516E-4	4.8325512676781476E-5	9.493526677888017E-6
1.2896740233692833E-4	4.7220909815929625E-5	9.493526677888017E-6
1.2920679365831245E-4	4.611475568466815E-5	9.493526677888017E-6
1.2943911637997366E-4	4.5007095392092294E-5	9.493526677888017E-6
1.2966436100820058E-4	4.3897974107461784E-5	9.493526677888017E-6
1.323792417413372E-4	4.058603196838541E-5	9.493526677888017E-6
1.452601420947157E-4	1.6802436231607917E-5	9.493526677888017E-6
1.4138705585114986E-4	1.0090482178730029E-5	9.493526677888017E-6
1.222864577090487E-4	2.9322515036411118E-5	9.493526677888017E-6
9.548636137549343E-5	3.337947954579288E-5	9.493526677888017E-6
7.868540634084573E-5	2.6288161907716255E-5	9.493526677888017E-6
7.846412244922989E-5	2.465333038110661E-5	9.493526677888017E-6
7.825328539359019E-5	2.3016719226814713E-5	9.493526677888017E-6
7.805290378230193E-5	2.1378795069746162E-5	9.493526677888017E-6
7.78629857831753E-5	1.9739624703291736E-5	9.493526677888017E-6
7.76835391476955E-5	1.8099274972019645E-5	9.493526677888017E-6
7.751457118948188E-5	1.6457812768706716E-5	9.493526677888017E-6
7.735608880462923E-5	1.4815305030931638E-5	9.493526677888017E-6
7.720809844714675E-5	1.3171818739449806E-5	9.493526677888017E-6
7.707060615912056E-5	1.1527420914678291E-5	9.493526677888017E-6
7.694361754204647E-5	9.882178614186319E-6	9.493526677888017E-6
7.682713777810296E-5	8.236158930053715E-6	9.493526677888017E-6
7.67211716167877E-5	6.5894289860007215E-6	9.493526677888017E-6
7.662572337556114E-5	4.942055934821588E-6	9.493526677888017E-6
7.654079695419355E-5	3.294106955333749E-6	9.493526677888017E-6
7.64663958094814E-5	1.6521953847953828E-6	9.493526677888017E-6
7.640252297840943E-5	2.783352179639689E-7	9.493526677888017E-6
7.634918106836676E-5	1.85023352521676E-6	9.493526677888017E-6
7.63063722484681E-5	3.422411441598316E-6	9.493526677888017E-6
7.627409826800602E-5	4.99480485457711E-6	9.493526677888017E-6
7.625236044343352E-5	6.601916779084546E-6	9.493526677888017E-6
7.624115965856448E-5	8.25201461819263E-6	9.493526677888017E-6
7.624049637385173E-5	9.902150338755796E-6	9.493526677888017E-6
7.625037061203838E-5	1.1552256648980809E-5	9.493526677888017E-6
7.627078197105022E-5	1.3202266258741346E-5	9.493526677888017E-6
7.630172962498367E-5	1.4852111881591664E-5	9.493526677888017E-6
7.634321230330643E-5	1.6501726237522908E-5	9.493526677888017E-6
7.639522832126894E-5	1.8151042056368102E-5	9.493526677888017E-6
7.641835874840509E-5	1.8793899453883103E-5	9.493526677888017E-6
7.645777555079832E-5	1.97999920798972E-5	9.493526677888017E-6
7.653085144550004E-5	2.144850906486968E-5	9.493526677888017E-6
7.661445302765187E-5	2.3096525785689696E-5	9.493526677888017E-6
7.670857688181487E-5	2.474397503698445E-5	9.493526677888017E-6
7.681321917868238E-5	2.6390789637139038E-5	9.493526677888017E-6
7.692837564124075E-5	2.8036902429473732E-5	9.493526677888017E-6
7.705404157489458E-5	2.968224628665454E-5	9.493526677888017E-6
7.719021186487589E-5	3.132675411273144E-5	9.493526677888017E-6
7.733688094664539E-5	3.2970358845454224E-5	9.493526677888017E-6
7.749404036567521E-5	3.46055911279999E-5	9.493526677888017E-6
8.723855416768646E-5	2.57582048017041E-5	9.493526677888017E-6
9.200926828892698E-5	7.066018838776042E-6	9.493526677888017E-6
8.467849130238368E-5	1.0845701338293642E-5	9.493526677888017E-6
6.813546043364649E-5	2.083163378077419E-5	9.493526677888017E-6
4.890019047663549E-5	1.898902639293023E-5	9.493526677888017E-6
4.745405941371586E-5	1.7865669430775725E-5	9.493526677888017E-6
4.728325854077772E-5	1.7266084570604365E-5	9.493526677888017E-6
4.7116289991152444E-5	1.6665421227766877E-5	9.493526677888017E-6
4.695316059513677E-5	1.6063703897012426E-5	9.493526677888017E-6
4.679387701041551E-5	1.5460957115789664E-5	9.493526677888017E-6
4.6638445714855536E-5	1.4857205464266949E-5	9.493526677888017E-6
4.64868730486942E-5	1.4252473562720625E-5	9.493526677888017E-6
4.633916519430556E-5	1.364678607192925E-5	9.493526677888017E-6
4.6195328190324486E-5	1.304016769142767E-5	9.493526677888017E-6
4.605536788684916E-5	1.2432643158773227E-5	9.493526677888017E-6
4.591928999886016E-5	1.1824237248550531E-5	9.493526677888017E-6
4.57871000665612E-5	1.121497477111298E-5	9.493526677888017E-6
4.565880348360307E-5	1.0604880571975846E-5	9.493526677888017E-6
4.5534405481550966E-5	9.993979530179974E-6	9.493526677888017E-6
4.541391114762719E-5	9.38229655825419E-6	9.493526677888017E-6
4.529732538087125E-5	8.76985660019778E-6	9.493526677888017E-6
4.518465292409693E-5	8.156684630880194E-6	9.493526677888017E-6
4.5075898392536035E-5	7.542805655124242E-6	9.493526677888017E-6
4.497106621862909E-5	6.92824470654947E-6	9.493526677888017E-6
4.487016066704458E-5	6.313026846620066E-6	9.493526677888017E-6
4.4773185872360594E-5	5.697177163588904E-6	9.493526677888017E-6
4.468014576501991E-5	5.0807207713731675E-6	9.493526677888017E-6
4.459104415144993E-5	4.463682808528266E-6	9.493526677888017E-6
4.450588450488971E-5	3.847176530211204E-6	9.493526677888017E-6
3.469569009774756E-5	1.5091389074022845E-5	9.493526677888017E-6
1.692812095663125E-5	2.028994058810756E-5	9.493526677888017E-6
5.342544658970896E-6	1.3873462165733385E-5	9.493526677888017E-6
1.540436836978791E-5	1.6291564945035072E-6	9.493526677888017E-6
1.6352958162184003E-5	6.408310147031169E-6	9.493526677888017E-6
1.6378048388027144E-5	4.076500710630394E-6	9.493526677888017E-6
1.641792816056871E-5	1.744899402440791E-6	9.493526677888017E-6
1.6472595838134055E-5	1.0892674183707752E-6	9.493526677888017E-6
1.6542049195850117E-5	3.2826166888258327E-6	9.493526677888017E-6
1.6626285384681652E-5	5.4732339148702005E-6	9.493526677888017E-6
2.3953393033574605E-5	1.4839109311838876E-5	9.493526677888017E-6
4.180634932039046E-5	2.1294361380668706E-5	9.493526677888017E-6
5.9924886402782165E-5	1.5738569482011844E-5	9.493526677888017E-6
7.116804128354422E-5	7.736252322554284E-7	9.493526677888017E-6
7.263084908327999E-5	1.1209256291535067E-5	9.493526677888017E-6
7.26108787538083E-5	1.3522734446511986E-5	9.493526677888017E-6
7.257500045631214E-5	1.6005780586006565E-5	9.493526677888017E-6
7.25230751630699E-5	1.8518513784948913E-5	9.493526677888017E-6
7.245510500553283E-5	2.1030864163774942E-5	9.493526677888017E-6
7.237109275461985E-5	2.354272926958866E-5	9.493526677888017E-6
7.227104183585818E-5	2.605400666999449E-5	9.493526677888017E-6
7.215495632687148E-5	2.8564593956516206E-5	9.493526677888017E-6
7.202284095778229E-5	3.1074388748825795E-5	9.493526677888017E-6
7.187470112029158E-5	3.358328869882798E-5	9.493526677888017E-6
7.171054286596833E-5	3.609119149463539E-5	9.493526677888017E-6
7.153037287768726E-5	3.8597994865638516E-5	9.493526677888017E-6
7.133419850171435E-5	4.110359658627329E-5	9.493526677888017E-6
7.112202774350006E-5	4.360789447897864E-5	9.493526677888017E-6
7.089386925600467E-5	4.611078642008332E-5	9.493526677888017E-6
7.067008683982363E-5	4.840976684551656E-5	9.493526677888017E-6
7.064973232208394E-5	4.861217034309124E-5	9.493526677888017E-6
7.038962692883059E-5	5.111194424295744E-5	9.493526677888017E-6
7.011356366339039E-5	5.3610006180275906E-5	9.493526677888017E-6
6.982155379185728E-5	5.610625428548681E-5	9.493526677888017E-6
6.951360922156924E-5	5.860058676309142E-5	9.493526677888017E-6
6.918974250056525E-5	6.109290189520555E-5	9.493526677888017E-6
6.884996684918335E-5	6.358309804754066E-5	9.493526677888017E-6
6.849429612813991E-5	6.607107367063281E-5	9.493526677888017E-6
6.812291527089932E-5	6.842255476707999E-5	9.493526677888017E-6
2.7546388166745095E-5	9.743985464855543E-5	9.493526677888017E-6
3.537892737162304E-5	9.856660897245538E-5	9.493526677888017E-6
8.321128035689712E-5	6.447506090204169E-5	9.493526677888017E-6
1.0129697064773652E-4	8.590569958178036E-6	9.493526677888017E-6
8.451635328166757E-5	4.420505228565287E-5	9.493526677888017E-6
8.417919168966434E-5	4.300874023031322E-5	9.493526677888017E-6
8.385167326759729E-5	4.141817364524189E-5	9.493526677888017E-6
8.353428599486984E-5	3.9825545721427255E-5	9.493526677888017E-6
8.322704287675939E-5	3.823092140515258E-5	9.493526677888017E-6
8.292995639990267E-5	3.6634365723973365E-5	9.493526677888017E-6
8.264303870946302E-5	3.50359437854605E-5	9.493526677888017E-6
8.236630147106377E-5	3.3435720771652575E-5	9.493526677888017E-6
8.209975603082342E-5	3.183376193905982E-5	9.493526677888017E-6
8.184341321424565E-5	3.023013261453126E-5	9.493526677888017E-6
8.159728348608453E-5	2.8624898193277915E-5	9.493526677888017E-6
8.136137684584821E-5	2.7018124135786148E-5	9.493526677888017E-6
8.113570292884661E-5	2.5409875965445362E-5	9.493526677888017E-6
8.092027101664137E-5	2.380021926557905E-5	9.493526677888017E-6
8.071508981360997E-5	2.2189219677090633E-5	9.493526677888017E-6
8.052016771632406E-5	2.0576942895970734E-5	9.493526677888017E-6
8.033551262388167E-5	1.8963454669701426E-5	9.493526677888017E-6
8.016113212034812E-5	1.7348820795434994E-5	9.493526677888017E-6
7.999703332570163E-5	1.5733107116998302E-5	9.493526677888017E-6
7.98432228929398E-5	1.4116379522333345E-5	9.493526677888017E-6
7.969970713768426E-5	1.249870394064498E-5	9.493526677888017E-6
7.956649188351969E-5	1.088014633984758E-5	9.493526677888017E-6
7.944358257467449E-5	9.260772723810722E-6	9.493526677888017E-6
7.93309842122003E-5	7.64418348225002E-6	9.493526677888017E-6
7.922870137329688E-5	6.028481186184638E-6	9.493526677888017E-6
7.913673823784981E-5	4.412158671664103E-6	9.493526677888017E-6
7.905509858195658E-5	2.795281851405702E-6	9.493526677888017E-6
7.898378569195022E-5	1.1779166607669782E-6	9.493526677888017E-6
7.892280253535625E-5	8.840308572594563E-7	9.493526677888017E-6
7.887215154520066E-5	2.0921403810763987E-6	9.493526677888017E-6
7.883183481755679E-5	3.7156625523905664E-6	9.493526677888017E-6
7.880965686803132E-5	4.858433764455561E-6	9.493526677888017E-6
7.880185395169395E-5	5.339405530083856E-6	9.493526677888017E-6
7.87822101949269E-5	6.963303098784584E-6	9.493526677888017E-6
7.877290440367127E-5	8.587289036907016E-6	9.493526677888017E-6
7.877393690375323E-5	1.021129711916197E-5	9.493526677888017E-6
7.878530763951938E-5	1.183526111956618E-5	9.493526677888017E-6
7.880701619556937E-5	1.3459114813493356E-5	9.493526677888017E-6
7.883906163435109E-5	1.5082791981517669E-5	9.493526677888017E-6
7.888144267698821E-5	1.670622641076092E-5	9.493526677888017E-6
7.89341575712331E-5	1.8329351898446343E-5	9.493526677888017E-6
8.683220188928503E-5	4.8171352575963715E-5	9.493526677888017E-6
1.2690011671214613E-4	9.166253768777381E-5	9.493526677888017E-6
1.8498212304024486E-4	1.0262555587767057E-4	9.493526677888017E-6
2.3818667191335963E-4	7.67589007222725E-5	9.493526677888017E-6
2.655445350194796E-4	2.4351861507152656E-5	9.493526677888017E-6
2.6674805473756585E-4	7.04596296587502E-6	9.493526677888017E-6
2.667330250123445E-4	6.6068097345417715E-6	9.493526677888017E-6
2.667151912483512E-4	6.167761434721221E-6	9.493526677888017E-6
2.666945541990734E-4	5.728835970468098E-6	9.493526677888017E-6
2.666711146082912E-4	5.290051241148503E-6	9.493526677888017E-6
2.666448735053964E-4	4.8763107015813034E-6	9.493526677888017E-6
2.666158319292178E-4	4.5544768130653366E-6	9.493526677888017E-6
2.66583991090287E-4	4.2327615043923224E-6	9.493526677888017E-6
2.6654935224708354E-4	3.911177894902094E-6	9.493526677888017E-6
2.6651191685054393E-4	3.589739098605962E-6	9.493526677888017E-6
2.6647168640295954E-4	3.2684582236289727E-6	9.493526677888017E-6
2.6642866254155545E-4	2.9473483715892774E-6	9.493526677888017E-6
2.577138088022124E-4	2.6339661826382983E-5	9.493526677888017E-6
2.2413432765479302E-4	5.756749516397201E-5	9.493526677888017E-6
1.7858768922299206E-4	6.250827749539577E-5	9.493526677888017E-6
1.3902494584144484E-4	3.921471774800088E-5	9.493526677888017E-6
1.2103875356303181E-4	3.5990619719895693E-6	9.493526677888017E-6
1.2081850899288427E-4	1.129333817299189E-5	9.493526677888017E-6
1.208312937686154E-4	1.1292348690563172E-5	9.493526677888017E-6
1.2084409102691707E-4	1.129127102608452E-5	9.493526677888017E-6
1.2085690024572424E-4	1.1290105223405518E-5	9.493526677888017E-6
1.2086972090217044E-4	1.1288851330220259E-5	9.493526677888017E-6
1.2088255247401022E-4	1.1287509397657508E-5	9.493526677888017E-6
1.2088939687901132E-4	1.1286758098009623E-5	9.493526677888017E-6
1.2089539443703445E-4	1.1286079480388552E-5	9.493526677888017E-6
1.2090824626833155E-4	1.1284561636753403E-5	9.493526677888017E-6
1.2092110744497606E-4	1.1282955928602109E-5	9.493526677888017E-6
1.2093397743915754E-4	1.1281262421538278E-5	9.493526677888017E-6
1.209468557314547E-4	1.127948118432318E-5	9.493526677888017E-6
1.2095974179190602E-4	1.1277612289994985E-5	9.493526677888017E-6
1.2097263509807873E-4	1.1275655814582534E-5	9.493526677888017E-6
1.2098553512185362E-4	1.1273611837877629E-5	9.493526677888017E-6
1.2099844133873702E-4	1.127148044319969E-5	9.493526677888017E-6
1.2101135322010667E-4	1.1269261717485794E-5	9.493526677888017E-6
1.2102427024200321E-4	1.1266955750444184E-5	9.493526677888017E-6
1.28750054070894E-4	7.842828777078785E-5	9.493526677888017E-6
2.2974595974634832E-4	2.466019234814835E-4	9.493526677888017E-6
4.107343339545162E-4	3.2118193509872916E-4	9.493526677888017E-6
6.003832076403592E-4	2.7277447377153756E-4	9.493526677888017E-6
7.239472768682115E-4	1.2045808451941733E-4	9.493526677888017E-6
7.332321559905958E-4	7.091373090588587E-5	9.493526677888017E-6
7.33540964964495E-4	6.343115890111825E-5	9.493526677888017E-6
7.337733311212832E-4	5.4255770452596105E-5	9.493526677888017E-6
7.339260462161171E-4	4.377914461211956E-5	9.493526677888017E-6
7.339986655049285E-4	3.3285397096100716E-5	9.493526677888017E-6
7.339911856009199E-4	2.2790647176080647E-5	9.493526677888017E-6
7.339036067786908E-4	1.4152568020632506E-5	9.493526677888017E-6
7.337359326697185E-4	2.3551556080708572E-5	9.493526677888017E-6
7.334881701119844E-4	3.612380713437398E-5	9.493526677888017E-6
7.331603292012046E-4	4.8694212926534536E-5	9.493526677888017E-6
7.327524233342875E-4	6.126226084309688E-5	9.493526677888017E-6
7.322644690704802E-4	7.382743836515922E-5	9.493526677888017E-6
7.31696486351234E-4	8.63892330924173E-5	9.493526677888017E-6
7.310495127221608E-4	9.834004527934834E-5	9.493526677888017E-6
7.303314113795145E-4	1.0864123663162546E-4	9.493526677888017E-6
7.295527121529907E-4	1.1732703393001095E-4	9.493526677888017E-6
7.287231598150645E-4	1.2457597485317754E-4	9.493526677888017E-6
7.278517141808896E-4	1.304386050601402E-4	9.493526677888017E-6
7.269469996462607E-4	1.3501750315245815E-4	9.493526677888017E-6
7.260165175623223E-4	1.3853100444073446E-4	9.493526677888017E-6
6.737120489114581E-4	1.744818659306195E-5	9.493526677888017E-6
7.184034707811982E-4	1.5809498411400438E-4	9.493526677888017E-6
8.502405943260141E-4	2.608920569210022E-4	9.493526677888017E-6
0.0010172631744687285	2.6446236906088453E-4	9.493526677888017E-6
0.0010941551694730253	1.1293962244519461E-4	9.493526677888017E-6
0.0010941765496525063	9.670185521153064E-5	9.493526677888017E-6
0.001094034557131876	7.888805539703011E-5	9.493526677888017E-6
0.0010937304445262364	6.69278957812036E-5	9.493526677888017E-6
0.0010932735748086092	7.432936483026792E-5	9.493526677888017E-6
0.0010926756771819646	9.542527150700037E-5	9.493526677888017E-6
0.0010919492179071733	1.1456157744722231E-4	9.493526677888017E-6
0.0010911070483055549	1.3164754464009022E-4	9.493526677888017E-6
0.0010901623298314941	1.466618096825367E-4	9.493526677888017E-6
0.0010312321985332107	1.561920024913449E-4	9.493526677888017E-6
9.788866040362637E-4	1.6512405676005586E-5	9.493526677888017E-6
0.0010396503429537449	1.8630449726549092E-4	9.493526677888017E-6
0.0011898526699242878	2.862650137021431E-4	9.493526677888017E-6
0.0013726356731535438	4.447001048325681E-4	9.493526677888017E-6
0.00137551455444173	4.7553649248023035E-4	9.493526677888017E-6
0.0013785966679553327	5.083491201199582E-4	9.493526677888017E-6
0.0013818946066594395	5.431294550178293E-4	9.493526677888017E-6
0.0013854209081319083	5.798687017864287E-4	9.493526677888017E-6
0.0013891880530999962	6.185578034206289E-4	9.493526677888017E-6
0.0013932084631333719	6.591858876733607E-4	9.493526677888017E-6
0.001397493962826138	7.015161151145567E-4	9.493526677888017E-6
0.001402054423670418	7.451004927925863E-4	9.493526677888017E-6
0.0014068908306835992	7.876211465510693E-4	9.493526677888017E-6
0.0014119935921958413	8.284712088521011E-4	9.493526677888017E-6
0.0014173509452446095	8.672959220164704E-4	9.493526677888017E-6
0.0014229487340480587	9.037162211519425E-4	9.493526677888017E-6
0.0014287712461812582	9.377194219349527E-4	9.493526677888017E-6
0.0014348029841369098	9.691839766700412E-4	9.493526677888017E-6
0.0014410270815888027	9.979665920833412E-4	9.493526677888017E-6
0.0014474264505298859	0.0010240794063180862	9.493526677888017E-6
0.0014539842045852222	0.0010476202451878047	9.493526677888017E-6
0.00146068491411655	0.0010688688383367732	9.493526677888017E-6
0.0014675144565076473	0.0010880327388099924	9.493526677888017E-6
0.0020353162181687215	0.0011702963440659922	9.493526677888017E-6
0.002672573211849452	7.754972542727053E-4	9.493526677888017E-6
0.0029489257671497446	1.457024122603571E-4	9.493526677888017E-6
0.002755456423096849	6.455935043463215E-4	9.493526677888017E-6
0.0021686447852491027	0.0010932367407117342	9.493526677888017E-6
0.002117332275775135	0.0010358934153709314	9.493526677888017E-6
0.002110690423853971	0.0010260938290910944	9.493526677888017E-6
0.002104109515327742	0.0010168084228162322	9.493526677888017E-6
0.0020975862190178787	0.0010080625404806994	9.493526677888017E-6
0.002091116697305561	9.999665406146795E-4	9.493526677888017E-6
0.0020846970707886943	9.924293394611137E-4	9.493526677888017E-6
0.0020826463061113	9.90127852745684E-4	9.493526677888017E-6
0.0020783237963462355	9.854520520261117E-4	9.493526677888017E-6
0.0020719929904754776	9.791644674692981E-4	9.493526677888017E-6
0.002065699556695437	9.737874082895736E-4	9.493526677888017E-6
0.0020594370582496142	9.694762864211563E-4	9.493526677888017E-6
0.0020531987572086387	9.662317031654487E-4	9.493526677888017E-6
0.002046977577089989	9.640966930011584E-4	9.493526677888017E-6
0.0020192765849664715	9.677965337616962E-4	9.493526677888017E-6
0.0011527771657696105	0.0016542200901865488	9.493526677888017E-6
1.1704886679660131E-4	0.0017053031480709583	9.493526677888017E-6
8.910474066353702E-4	0.0011158723478609644	9.493526677888017E-6
0.001263142430504044	1.8499287937315863E-4	9.493526677888017E-6
0.0011393168895550351	5.794391830416581E-4	9.493526677888017E-6
0.001136216601984312	5.573907254046639E-4	9.493526677888017E-6
0.0011331581704241422	5.33372401313223E-4	9.493526677888017E-6
0.0011301541296991832	5.073935092953906E-4	9.493526677888017E-6
0.001127217287976108	4.7963001781580643E-4	9.493526677888017E-6
0.001124362022317596	4.5030875687618245E-4	9.493526677888017E-6
0.001121603143929159	4.324078727872125E-4	9.493526677888017E-6
0.0011189559001605828	4.1362490555955396E-4	9.493526677888017E-6
0.001116437888246044	3.9185284021602137E-4	9.493526677888017E-6
0.001114069519074709	3.6678512837059606E-4	9.493526677888017E-6
0.0011118663922649458	3.4060853420955545E-4	9.493526677888017E-6
0.0011098304701359016	3.1441840495524947E-4	9.493526677888017E-6
0.00110796183555633	2.882158086257391E-4	9.493526677888017E-6
0.0011062605648138116	2.6200181374802105E-4	9.493526677888017E-6
0.0011047267272674133	2.3577748931417487E-4	9.493526677888017E-6
0.001103360385491206	2.0954390473737036E-4	9.493526677888017E-6
0.0011021615952372804	1.8330212980905222E-4	9.493526677888017E-6
0.0011011304052678042	1.5705323465364408E-4	9.493526677888017E-6
0.0011002668577486177	1.3079828968615766E-4	9.493526677888017E-6
0.0010995709878317064	1.0453836556849067E-4	9.493526677888017E-6
0.001099042823974182	8.461164932228224E-5	9.493526677888017E-6
0.0010986823876465365	8.258943536363001E-5	9.493526677888017E-6
0.0010984896935344254	1.1621401473536212E-4	9.493526677888017E-6
0.0010984647495140831	1.4983348291313427E-4	9.493526677888017E-6
0.0010986075566517817	1.834464689136735E-4	9.493526677888017E-6
0.0010989181090722763	2.170516020188013E-4	9.493526677888017E-6
0.0010993963940570464	2.5064751183020593E-4	9.493526677888017E-6
0.001100042392173775	2.8423282832510077E-4	9.493526677888017E-6
0.0011008556797471175	3.168670400497743E-4	9.493526677888017E-6
0.001101833111093152	3.4686200792586133E-4	9.493526677888017E-6
0.0011029704186919162	3.742022121972254E-4	9.493526677888017E-6
0.0011042629878300764	3.9907711641679175E-4	9.493526677888017E-6
0.001105704846060672	4.2166158217118966E-4	9.493526677888017E-6
0.0011072897365434972	4.4197500869892444E-4	9.493526677888017E-6
0.0012279536962693793	7.982626454845756E-4	9.493526677888017E-6
0.00198063110531696	0.001460133502074538	9.493526677888017E-6
0.0029795010046054504	0.00154293140801918	9.493526677888017E-6
0.0038308841535345042	0.0010189220829338822	9.493526677888017E-6
0.004199229382982582	2.056719328076737E-4	9.493526677888017E-6
0.00416868232738421	3.102357373961267E-4	9.493526677888017E-6
0.004166755989491205	3.111414850887465E-4	9.493526677888017E-6
0.0041648276265114845	3.1087620018348483E-4	9.493526677888017E-6
0.004162904160862638	3.097150186852089E-4	9.493526677888017E-6
0.004160988799916748	3.084179291825957E-4	9.493526677888017E-6
0.004159081761075524	3.071086349287256E-4	9.493526677888017E-6
0.004157183122119046	3.0578718931578014E-4	9.493526677888017E-6
0.004155292960402596	3.0445364623138047E-4	9.493526677888017E-6
0.004153411353022558	3.031080600571245E-4	9.493526677888017E-6
0.004151538376686623	3.0175048566515375E-4	9.493526677888017E-6
0.004149674107804181	3.003809784161666E-4	9.493526677888017E-6
0.004147818622408601	2.9899959415830723E-4	9.493526677888017E-6
0.004145971996151611	2.976063892236061E-4	9.493526677888017E-6
0.0041441343043413376	2.9620142042624406E-4	9.493526677888017E-6
0.004142305621871525	2.9478474506019364E-4	9.493526677888017E-6
0.004140486023372032	2.933564208964728E-4	9.493526677888017E-6
0.004138675583089002	2.919165061813432E-4	9.493526677888017E-6
0.00413687437473511	2.9046505963369084E-4	9.493526677888017E-6
0.004135082471852479	2.890021404427462E-4	9.493526677888017E-6
0.00413329994744311	2.875278082655187E-4	9.493526677888017E-6
0.004131526874297936	2.860421232244594E-4	9.493526677888017E-6
0.004129763324622934	2.845451459048344E-4	9.493526677888017E-6
0.004128009370376856	2.8303693735256565E-4	9.493526677888017E-6
0.004126265083091218	2.8151755907162E-4	9.493526677888017E-6
0.004124530533858521	2.7998707302134184E-4	9.493526677888017E-6
0.004122805793421662	2.7844554161398076E-4	9.493526677888017E-6
0.004121090932184518	2.7689302771244584E-4	9.493526677888017E-6
0.0041193860200002055	2.7532959462731467E-4	9.493526677888017E-6
0.004117691126451044	2.7375530611449636E-4	9.493526677888017E-6
0.0041160063205921416	2.721702263725485E-4	9.493526677888017E-6
0.004114331671186376	2.705744200401397E-4	9.493526677888017E-6
0.004112667246486845	2.689679521933809E-4	9.493526677888017E-6
0.004111013114356354	2.673508883430128E-4	9.493526677888017E-6
0.004109369342268895	2.657232944319998E-4	9.493526677888017E-6
0.004108145080918571	2.644974676575047E-4	9.493526677888017E-6
0.004107735997267471	2.640852368327248E-4	9.493526677888017E-6
0.004106113145975407	2.624367823447968E-4	9.493526677888017E-6
0.0041045008545333855	2.607779981908857E-4	9.493526677888017E-6
0.004102899188727131	2.5910895201508295E-4	9.493526677888017E-6
0.0041013082138060125	2.6030678201267095E-4	9.493526677888017E-6
0.004099727994741009	2.6249162507133714E-4	9.493526677888017E-6
0.004098158681682458	2.6407618604133156E-4	9.493526677888017E-6
0.004096601739007992	2.6283001371413034E-4	9.493526677888017E-6
0.004095061491392493	2.5905512286340067E-4	9.493526677888017E-6
0.004093545867786666	2.53141280942271E-4	9.493526677888017E-6
0.004086505826893003	1.718048114229564E-4	9.493526677888017E-6
0.004620638663530463	0.0014255438763417384	9.493526677888017E-6
0.005796821651423326	0.0021138414735687658	9.493526677888017E-6
0.007151492182313798	0.0019654223722377663	9.493526677888017E-6
0.00815074117965943	0.0010387819934636103	9.493526677888017E-6
0.00837499355143638	4.720294984664828E-4	9.493526677888017E-6
0.008377939194077422	4.753407905858229E-4	9.493526677888017E-6
0.008380853912089356	4.798918502916206E-4	9.493526677888017E-6
0.008383748301091704	4.853376556584679E-4	9.493526677888017E-6
0.00838663430807074	4.915538059395276E-4	9.493526677888017E-6
0.008389524628379164	4.98331269946334E-4	9.493526677888017E-6
0.008392430292093286	5.053365097407669E-4	9.493526677888017E-6
0.008395353044607742	5.112567249384546E-4	9.493526677888017E-6
0.008398291337934474	5.148924774104643E-4	9.493526677888017E-6
0.008401241994858255	5.166210888547561E-4	9.493526677888017E-6
0.008404199580757235	5.167669079475066E-4	9.493526677888017E-6
0.00840715760547539	5.154321422911166E-4	9.493526677888017E-6
0.00849521111222011	1.3239642711473324E-4	9.493526677888017E-6
0.008220651385727182	8.268201727942535E-4	9.493526677888017E-6
0.007520428172053374	0.0013094467392866793	9.493526677888017E-6
0.006670516629517738	0.0012795886424599341	9.493526677888017E-6
0.006005887855163643	7.490135652752526E-4	9.493526677888017E-6
0.0059037574147432215	5.395810640788541E-4	9.493526677888017E-6
0.005900422161952107	5.229588697573109E-4	9.493526677888017E-6
0.005897199133026193	5.043516423003569E-4	9.493526677888017E-6
0.005894102260988521	4.834285913053141E-4	9.493526677888017E-6
0.005891146884510486	4.5997802607502966E-4	9.493526677888017E-6
0.005888348718547681	4.345643983397648E-4	9.493526677888017E-6
0.005888115326913836	4.323670106491731E-4	9.493526677888017E-6
0.0058857134180647225	4.0904418877574786E-4	9.493526677888017E-6
0.005883241139338115	3.8350767093948154E-4	9.493526677888017E-6
0.005880931722484092	3.5809317012221333E-4	9.493526677888017E-6
0.005878783456680733	3.3308066491935073E-4	9.493526677888017E-6
0.005876792405838688	3.0894900323574174E-4	9.493526677888017E-6
0.005874951367223699	2.86139547230878E-4	9.493526677888017E-6
0.00587325143064403	2.712812097065687E-4	9.493526677888017E-6
0.005895611153804423	3.630932544541137E-4	9.493526677888017E-6
0.006475825746036154	0.0013736329573782683	9.493526677888017E-6
0.007544047357800059	0.0018391889672430446	9.493526677888017E-6
0.008679263586927	0.001576274020577281	9.493526677888017E-6
0.00943405769030048	6.885092072503819E-4	9.493526677888017E-6
0.009519373327608258	3.8220598042660393E-4	9.493526677888017E-6
0.00952180161042987	3.59731867776164E-4	9.493526677888017E-6
0.009524080596949425	3.3540258523258315E-4	9.493526677888017E-6
0.00952619786944027	3.09088191192809E-4	9.493526677888017E-6
0.00952814069419429	2.807316855729308E-4	9.493526677888017E-6
0.009529895398449742	2.501680600268834E-4	9.493526677888017E-6
0.009531450254242776	2.1850644850672748E-4	9.493526677888017E-6
0.009532802892189274	1.8683555348861157E-4	9.493526677888017E-6
0.009533953257068933	1.551566664931978E-4	9.493526677888017E-6
0.009534901301985296	1.2347107936770669E-4	9.493526677888017E-6
0.009535646988346955	9.178008423308235E-5	9.493526677888017E-6
0.009536190285878834	6.0084973430090565E-5	9.493526677888017E-6
0.009536531172254045	6.126158359981838E-5	9.493526677888017E-6
0.009536669633505815	9.1120569544452E-5	9.493526677888017E-6
0.009536605664037925	1.209761951090569E-4	9.493526677888017E-6
0.00953633926639924	1.508272427980652E-4	9.493526677888017E-6
0.009535870451574974	1.8067249530255612E-4	9.493526677888017E-6
0.009535199238615774	2.105107355499846E-4	9.493526677888017E-6
0.009534325654948897	2.4034074675356626E-4	9.493526677888017E-6
0.009533249736210267	2.70161312461629E-4	9.493526677888017E-6
0.009531971526024752	2.999712166089452E-4	9.493526677888017E-6
0.009530491076743905	3.297692435644147E-4	9.493526677888017E-6
0.009528808448785855	3.595541781813463E-4	9.493526677888017E-6
0.009528564794054367	3.6359074966806277E-4	9.493526677888017E-6
