# EMSIM OUTPUT FILE 
# PARAMETERS OF SIMULATION RUN 
# ---------------------------- 
# Mode               : 1 
# Magnetic field?      true
# Failing field?       false
# Point charge?        false
# Electric field?      true
# Magnetic strength  : 1.0E-7T 
# Electric strength  : 1.0E-7NC^-1 
# Phase              : 1.5707963267948966
# Algorithm          : Velocity Verlet
# Time-step          : 1.0E-4s 
# Number of Turns    : 100.0
# Number of particles: 10
# Spread in x        : 0.010439684858214946m 
# Spread in y        : 0.010439684858214946m 
# Spread in z        : 0.010439684858214946m 
# Intial average v   : 1000.0ms^-1 
# Intial v_sigma     : 0.1ms^-1 
# ----------------------------- 
x 	 y 	 z 
-0.33519473553205453	0.05522076357141718	-0.0012789709641692288
-0.6716649031768884	0.010320608344523197	-0.0012789709641692288
-1.0091149172196625	0.06610326374506459	-0.0012789709641692288
-1.3474207908198674	0.020947274652315495	-0.0012789709641692288
-1.6866820771410813	0.07711772569172635	-0.0012789709641692288
-2.0270347081678155	0.031706738382188286	-0.0012789709641692288
-2.3681588052105287	0.08826932840166597	-0.0012789709641692288
-2.7103698431840857	0.04260246689687973	-0.0012789709641692288
-3.0535477244540417	0.09956032247141916	-0.0012789709641692288
-3.3976291104438787	0.05363135273164574	-0.0012789709641692288
-3.742727806348345	0.007406636717405081	-0.0012789709641692288
-4.088756095029772	0.06479644192408573	-0.0012789709641692288
-4.4358423554798465	0.018308335019715044	-0.0012789709641692288
-4.783833804825746	0.0761042081352032	-0.0012789709641692288
-5.1327198010500314	0.029350817036151517	-0.0012789709641692288
-5.4828059825054565	0.08754957891379012	-0.0012789709641692288
-5.833803387461187	0.04053021239976643	-0.0012789709641692288
-6.18567664374085	0.09913554119753855	-0.0012789709641692288
-6.538737363231241	0.05184892338851391	-0.0012789709641692288
-6.89270158567572	0.0042593083791641366	-0.0012789709641692288
-7.247705657994151	0.06331147650488796	-0.0012789709641692288
-7.60365148094456	0.01545110497595499	-0.0012789709641692288
-7.960652494354033	0.0749110877495207	-0.0012789709641692288
-8.318711794736732	0.026783345813796856	-0.0012789709641692288
-8.677602119844087	0.0866568529333733	-0.0012789709641692288
-9.037827211615273	0.03825488565548972	-0.0012789709641692288
-9.398878881455818	0.0985451127991947	-0.0012789709641692288
-9.760922564361088	0.049870981699747415	-0.0012789709641692288
-10.12406756533857	0.11058046063587819	-0.0012789709641692288
-10.488261992298156	0.061628459304359146	-0.0012789709641692288
-10.853532715136033	0.012368929067419938	-0.0012789709641692288
-11.219670654853756	0.07353656959851596	-0.0012789709641692288
-11.58699076765864	0.023993385577650336	-0.0012789709641692288
-11.955333190216773	0.08558852044845917	-0.0012789709641692288
-12.32463558826708	0.03576564496078716	-0.0012789709641692288
-12.69519517344863	0.09778646693331933	-0.0012789709641692288
-13.066732464248776	0.04768259360977593	-0.0012789709641692288
-13.439162211411299	0.11013501099354357	-0.0012789709641692288
-13.812886888526922	0.05974836466451401	-0.0012789709641692288
-14.18757595798128	0.009041384090426478	-0.0012789709641692288
-14.563364384601323	0.07196653406282282	-0.0012789709641692288
-14.940180367980984	0.020972231470153292	-0.0012789709641692288
-15.31809079658979	0.08432824124907323	-0.0012789709641692288
-15.697126451165369	0.03305091155511413	-0.0012789709641692288
-16.077051944491203	0.09684652442323136	-0.0012789709641692288
-16.458380446433374	0.04527913824670998	-0.0012789709641692288
-16.84059402434792	0.10951418594004923	-0.0012789709641692288
-17.223908715739526	0.057659390226613344	-0.0012789709641692288
-17.60842299221616	0.12233667440864544	-0.0012789709641692288
-17.993977057651637	0.07018888537117625	-0.0012789709641692288
-18.380670598315092	0.017712293558713215	-0.0012789709641692288
-18.768432384777608	0.08287477835660445	-0.0012789709641692288
-19.157345213191565	0.03010024636775291	-0.0012789709641692288
-19.547301237113487	0.09571664092964256	-0.0012789709641692288
-19.938406715685673	0.042644393659652585	-0.0012789709641692288
-20.330710288097944	0.10871175596738294	-0.0012789709641692288
-20.724062196629564	0.055345299820959926	-0.0012789709641692288
-21.118526934792524	0.12187048834965344	-0.0012789709641692288
-21.51425885484025	0.06820093643473825	-0.0012789709641692288
-21.910959950824942	0.01419456024024342	-0.0012789709641692288
-22.308823815796778	0.08121619786659268	-0.0012789709641692288
-22.707925175240657	0.02690590099712198	-0.0012789709641692288
-23.10818437198101	0.09439028992107412	-0.0012789709641692288
-23.509500347188983	0.039776838818544075	-0.0012789709641692288
-23.912048513511884	0.10772143259063766	-0.0012789709641692288
-24.3157926149271	0.05280265680313767	-0.0012789709641692288
-24.720483785692693	0.12121915706514066	-0.0012789709641692288
-25.126669946758632	0.06599195511461657	-0.0012789709641692288
-25.533798091419406	0.1348758829006618	-0.0012789709641692288
-25.94222086454863	0.07934610612290455	-0.0012789709641692288
-26.351810503569574	0.02345819650392649	-0.0012789709641692288
-26.762453511175085	0.09285488497821369	-0.0012789709641692288
-27.174380690979042	0.036660185196810434	-0.0012789709641692288
-27.587415910456738	0.10653328144663599	-0.0012789709641692288
-28.00183515322603	0.05002354580726878	-0.0012789709641692288
-28.4172371629517	0.12037917691259255	-0.0012789709641692288
-28.833903046408416	0.06355308078109168	-0.0012789709641692288
-29.2518060104027	0.13438724395814092	-0.0012789709641692288
-29.67085285178868	0.07724636534238061	-0.0012789709641692288
-30.09113808861727	0.019744916162360827	-0.0012789709641692288
-30.512653491537982	0.09110799347858503	-0.0012789709641692288
-30.935481561758184	0.03328826190722125	-0.0012789709641692288
-31.359334589562096	0.1051416280729821	-0.0012789709641692288
-31.784560211301734	0.04699541384520559	-0.0012789709641692288
-32.2109651396776	0.11933995680152223	-0.0012789709641692288
-32.63852316983368	0.06087397564603612	-0.0012789709641692288
-33.06749465999339	0.13371206876206518	-0.0012789709641692288
-33.497640089062855	0.07492102528849685	-0.0012789709641692288
-33.92899335483879	0.1482620805489149	-0.0012789709641692288
-34.361741352375546	0.08913979245123291	-0.0012789709641692288
-34.79556774824293	0.029647873053856556	-0.0012789709641692288
-35.23065678641151	0.1035315671538875	-0.0012789709641692288
-35.667107945240595	0.04370779014274907	-0.0012789709641692288
-36.104816319375765	0.11809560588538504	-0.0012789709641692288
-36.543707874044706	0.05794554099620115	-0.0012789709641692288
-36.98405072562519	0.13283994197575963	-0.0012789709641692288
-37.425598279597985	0.07235202188937921	-0.0012789709641692288
-37.868191126107924	0.14775953282982798	-0.0012789709641692288
-38.31240960233229	0.08693364712645413	-0.0012789709641692288
-38.7577402223937	0.025728913178025337	-0.0012789709641692288
