# EMSIM OUTPUT FILE 
# PARAMETERS OF SIMULATION RUN 
# ---------------------------- 
# Mode               : 1 
# Magnetic field?      true
# Failing field?       false
# Point charge?        false
# Electric field?      true
# Magnetic strength  : 1.0E-7T 
# Electric strength  : 1.0E-7NC^-1 
# Phase              : 1.5707963267948966
# Algorithm          : Velocity Verlet
# Time-step          : 1.0E-5s 
# Number of Turns    : 100.0
# Number of particles: 10
# Spread in x        : 0.010439684858214946m 
# Spread in y        : 0.010439684858214946m 
# Spread in z        : 0.010439684858214946m 
# Intial average v   : 1000.0ms^-1 
# Intial v_sigma     : 0.1ms^-1 
# ----------------------------- 
Time 	 KE 	 PE 	 E 	 L 
0.0	8.363306523834381E-21	8.363041206014449E-21	1.672634772984883E-20	1.746150293542328E-21
0.6559499999996495	8.37168682650068E-21	8.371421116215452E-21	1.6743107942716133E-20	1.7478999659751005E-21
1.311890000000127	8.380071048925024E-21	8.379805383352267E-21	1.6759876432277293E-20	1.749650548108609E-21
1.9678400000044243	8.388462234060637E-21	8.388196015404367E-21	1.6776658249465002E-20	1.7514024591963126E-21
2.6237800000087215	8.39685670118354E-21	8.396590847966085E-21	1.6793447549149625E-20	1.7531552473239485E-21
3.2797300000130187	8.40525765539003E-21	8.404991328916532E-21	1.681024898430656E-20	1.7549092147995505E-21
3.935670000017316	8.413661731940898E-21	8.41339561095413E-21	1.6827057342895027E-20	1.7566639759181923E-21
4.5916199999953395	8.4220726205257E-21	8.421805865300689E-21	1.6843878485826387E-20	1.758419984017303E-21
5.247559999970507	8.430487274322501E-21	8.430221046149978E-21	1.686070832047248E-20	1.7601770207391315E-21
5.903509999945674	8.43890874548181E-21	8.438641882651506E-21	1.6877550628133316E-20	1.761935238325502E-21
6.559449999920842	8.447333020214811E-21	8.447066202671914E-21	1.6894399222886724E-20	1.763694183248658E-21
7.215399999896009	8.455763795130737E-21	8.455496664049347E-21	1.6911260459180085E-20	1.765454410448453E-21
7.871339999871177	8.464198981532288E-21	8.463932217834662E-21	1.692813119936695E-20	1.7672157009109174E-21
8.527289999846344	8.472640995485902E-21	8.472373596054979E-21	1.694501459154088E-20	1.7689782074786985E-21
9.183229999821512	8.48108549302794E-21	8.480817978038058E-21	1.6961903471065998E-20	1.770741341213214E-21
9.839179999796679	8.489536821948472E-21	8.489268831703928E-21	1.6978805653652398E-20	1.7725058261943054E-21
9.99999999979059	8.491624284936168E-21	8.491225344252385E-21	1.6982849629188554E-20	1.7729143336828554E-21
10.495119999771847	8.497991922896526E-21	8.497724300826223E-21	1.699571622372275E-20	1.774271274853608E-21
11.151069999747014	8.506454344390718E-21	8.506186004670222E-21	1.701264034906094E-20	1.776038025283506E-21
11.807009999722181	8.51491973443233E-21	8.514651601846892E-21	1.702957133627922E-20	1.777805588616726E-21
12.462959999697349	8.523391643736735E-21	8.523123035117389E-21	1.7046514678854124E-20	1.779574370489554E-21
13.118899999672516	8.53186684438731E-21	8.531598847305295E-21	1.7063465691692603E-20	1.7813440666527372E-21
13.774839999647684	8.540347678810615E-21	8.540079727978648E-21	1.7080427406789263E-20	1.7831148210837358E-21
14.430789999622851	8.548835201427218E-21	8.548566855169788E-21	1.7097402056597005E-20	1.784886879748277E-21
15.086729999598019	8.557326179467677E-21	8.557057960536526E-21	1.7114384140004202E-20	1.78665976903081E-21
15.742679999573186	8.565823688523293E-21	8.56555491194815E-21	1.7131378600471442E-20	1.7884338789306682E-21
16.398619999548355	8.574324330548886E-21	8.574055519394346E-21	1.7148379849943233E-20	1.790208752187502E-21
17.054569999523522	8.582832317374691E-21	8.582563028989626E-21	1.7165395346364318E-20	1.7919850665695613E-21
17.71050999949869	8.591343924668627E-21	8.591074926045712E-21	1.7182418850714337E-20	1.7937622970257834E-21
18.366459999473857	8.599862072568312E-21	8.599592353006352E-21	1.7199454425574664E-20	1.7955406820912225E-21
19.022399999449025	8.608382869374587E-21	8.608113358718813E-21	1.72164962280934E-20	1.797319814377485E-21
19.678349999424192	8.616911183866643E-21	8.61664103273782E-21	1.7233552216604462E-20	1.7991003389641253E-21
19.999999999412015	8.620289663505847E-21	8.620953164721185E-21	1.7241242828227032E-20	1.8000006849435276E-21
20.33428999939936	8.625443446578651E-21	8.625173748352687E-21	1.725061719493134E-20	1.8008819162042056E-21
20.990239999374527	8.63398242199485E-21	8.633711757613616E-21	1.7267694179608464E-20	1.8026645987242177E-21
21.646179999349695	8.642524210646552E-21	8.642253918254284E-21	1.7284778128900837E-20	1.804448148026154E-21
22.302129999324862	8.651072390722239E-21	8.650801863589504E-21	1.7301874254311742E-20	1.806232905135853E-21
22.95806999930003	8.65962517287401E-21	8.659355018390994E-21	1.7318980191265004E-20	1.808018749949274E-21
23.614019999275197	8.668184677527372E-21	8.667913636674416E-21	1.733609831420179E-20	1.8098057355032883E-21
24.269959999250364	8.676747322773216E-21	8.676476573439088E-21	1.7353223896212306E-20	1.8115936227289683E-21
24.92590999922553	8.685316694756459E-21	8.685045628913619E-21	1.7370362323670078E-20	1.8133827875027016E-21
25.5818499992007	8.693889696947756E-21	8.693618759965043E-21	1.73875084569128E-20	1.8151728032312023E-21
26.237789999175867	8.702467879878876E-21	8.702197072006735E-21	1.740466495188561E-20	1.8169639007178164E-21
26.893739999151034	8.711053123441245E-21	8.710781672271717E-21	1.742183479571296E-20	1.8187563111458195E-21
27.5496799991262	8.719641510511517E-21	8.71937043367394E-21	1.7439011944185457E-20	1.820549590393051E-21
28.20562999910137	8.72823647325736E-21	8.727964752584136E-21	1.7456201225841496E-20	1.8223440300129202E-21
28.861569999076536	8.736835397186502E-21	8.736563969500576E-21	1.747339936668708E-20	1.8241394923056217E-21
29.517519999051704	8.74544139236832E-21	8.745169483917112E-21	1.7490610876285432E-20	1.8259362694766507E-21
29.999999999033438	8.75182138820186E-21	8.752190654197063E-21	1.7504012042398923E-20	1.827402245577778E-21
30.17345999902687	8.754050697198312E-21	8.753779082198275E-21	1.7507829779396588E-20	1.827733899332874E-21
30.82940999900204	8.762666423981708E-21	8.76239416408058E-21	1.752506058806229E-20	1.8295326741304533E-21
31.485349998977206	8.771285788644715E-21	8.771013822522503E-21	1.754229961116722E-20	1.8313324044848368E-21
32.14129999900257	8.77991272615852E-21	8.779640360512823E-21	1.7559553086671344E-20	1.8331335712455634E-21
32.797239999210774	8.788542976506375E-21	8.788270659057101E-21	1.7576813635563476E-20	1.834935523186255E-21
33.45318999941898	8.797179166551568E-21	8.796906038933497E-21	1.7594085205485064E-20	1.836738536077066E-21
34.109129999627186	8.805818997502866E-21	8.80554632851589E-21	1.7611365326018756E-20	1.838542574083544E-21
34.76507999983539	8.814466576691081E-21	8.814193425354945E-21	1.7628660002046027E-20	1.840348033402308E-21
35.4210200000436	8.823117799852928E-21	8.822844614679178E-21	1.7645962414532104E-20	1.842154347206183E-21
36.076970000251805	8.831775299948225E-21	8.831501549717054E-21	1.7663276849665278E-20	1.843961860678852E-21
36.73291000046001	8.840436116356613E-21	8.840162908100094E-21	1.7680599024456707E-20	1.845770297718112E-21
37.38886000066822	8.849104693179733E-21	8.848830919524747E-21	1.769793561270448E-20	1.8475801238705276E-21
38.04480000087642	8.857776424229037E-21	8.857502781536961E-21	1.7715279205766E-20	1.8493907540013565E-21
38.70075000108463	8.866454934700513E-21	8.866180643704566E-21	1.773263557840508E-20	1.8512026369268127E-21
39.35669000129283	8.875136764652544E-21	8.874862934451436E-21	1.774999969910398E-20	1.853015444511707E-21
40.00000000149703	8.882884666136988E-21	8.883075048213892E-21	1.776595971435088E-20	1.854730082105672E-21
40.01263000150104	8.883824139976435E-21	8.883550441236912E-21	1.7767374581213347E-20	1.8548293411725864E-21
40.668580001709245	8.892518632034214E-21	8.892244449346582E-21	1.7784763081380796E-20	1.856644595268981E-21
41.32452000191745	8.901216611244428E-21	8.900942807870596E-21	1.7802159419115023E-20	1.8584607577044705E-21
41.98047000212566	8.909921217527874E-21	8.909646929950837E-21	1.7819568147478713E-20	1.8602781235341734E-21
42.63641000233386	8.918628981896621E-21	8.918354908926676E-21	1.7836983890823296E-20	1.8620962946593685E-21
43.29236000254207	8.927344203405066E-21	8.92706956315876E-21	1.7854413766563828E-20	1.8639158595359936E-21
43.94830000275027	8.936063410905886E-21	8.935789150942819E-21	1.7871852561848705E-20	1.8657364545071753E-21
44.60425000295848	8.94478925564083E-21	8.944514179759469E-21	1.78893034354003E-20	1.867558185531669E-21
45.260190003166684	8.953517599947216E-21	8.953242573595671E-21	1.7906760173542887E-20	1.869380619151035E-21
45.91614000337489	8.962253743272683E-21	8.961978148544663E-21	1.7924231891817345E-20	1.8712045521414912E-21
46.572080003583096	8.970994042435972E-21	8.970718911618111E-21	1.7941712954054084E-20	1.8730295683796333E-21
47.228030003791304	8.979740988827644E-21	8.979464957600037E-21	1.795920594642768E-20	1.874855687655769E-21
47.88397000399951	8.988490933631468E-21	8.988215283826218E-21	1.7976706217457686E-20	1.8766827006199267E-21
48.539920004207715	8.99724769525613E-21	8.996971808137578E-21	1.799421950339371E-20	1.8785110077052044E-21
49.19586000441592	9.006008948772684E-21	9.005733360701962E-21	1.8011742309474646E-20	1.8803403646580217E-21
49.85181000462413	9.014776859387672E-21	9.014500369392515E-21	1.8029277228780188E-20	1.8821708608155937E-21
50.000000004671165	9.016837210563641E-21	9.016347217355137E-21	1.8033184427918778E-20	1.8825564710298244E-21
50.50775000483233	9.023547936801188E-21	9.02327174610535E-21	1.8046819682906538E-20	1.8840022689886875E-21
51.16370000504054	9.03232617362592E-21	9.03204966217557E-21	1.806437583580149E-20	1.885835042538387E-21
51.81964000524874	9.041108575759702E-21	9.040832114494692E-21	1.8081940690254395E-20	1.8876687632282657E-21
52.47558000545695	9.049895729014322E-21	9.049619567830578E-21	1.8099515296844902E-20	1.8895035280989242E-21
53.131530005665155	9.058689883930991E-21	9.058413152054773E-21	1.8117103035985764E-20	1.891339573060419E-21
53.78747000587336	9.067487541795438E-21	9.067211110409463E-21	1.81346986522049E-20	1.8931765313127923E-21
54.44342000608157	9.076292206602197E-21	9.076014870604525E-21	1.8152307077206723E-20	1.895014700952867E-21
55.09936000628977	9.085101042759406E-21	9.084824174264108E-21	1.8169925217023514E-20	1.8968540280333944E-21
55.75531000649798	9.093916725129818E-21	9.093639368374403E-21	1.8187556093504223E-20	1.8986945850029042E-21
56.41125000670618	9.102735914439768E-21	9.10245860845434E-21	1.820519452289411E-20	1.9005359867453733E-21
57.06720000691439	9.111561120492826E-21	9.11128332579794E-21	1.8222844446290766E-20	1.9023785321059736E-21
57.723140007122595	9.120391002802924E-21	9.120113676743847E-21	1.8240504679546773E-20	1.9042222537272274E-21
58.3790900073308	9.12922824262495E-21	9.128950343989925E-21	1.8258178586614876E-20	1.9060672941521466E-21
59.03503000753901	9.138068324961268E-21	9.13779039375325E-21	1.827585871871452E-20	1.907913040825348E-21
59.690980007747214	9.1469152683392E-21	9.146637014997939E-21	1.8293552283337138E-20	1.9097601595824386E-21
60.0000000078453	9.150344028517585E-21	9.150957547863787E-21	1.8301301576381372E-20	1.910662259613161E-21
60.34692000795542	9.155766392565964E-21	9.155488525282245E-21	1.831125491784821E-20	1.911608299140187E-21
61.002870008163626	9.164625053000025E-21	9.164346444686353E-21	1.8328971497686378E-20	1.913457776881754E-21
61.65881000837183	9.173486056200633E-21	9.173207331564012E-21	1.8346693387764645E-20	1.9153078742130946E-21
62.31476000858004	9.18235426540799E-21	9.182075134256557E-21	1.8364429399664547E-20	1.9171594155229955E-21
62.97070000878824	9.191226492716457E-21	9.190947748407233E-21	1.8382174241123692E-20	1.919011961435027E-21
63.62665000899645	9.200106267733272E-21	9.199826781002627E-21	1.83999330487359E-20	1.9208658474778613E-21
64.28259000920465	9.208989225489447E-21	9.20870987413588E-21	1.8417699099625328E-20	1.922720581335408E-21
64.93853000941286	9.217877298794613E-21	9.21759833509884E-21	1.8435475633893454E-20	1.9245764359619652E-21
65.59448000962107	9.226772592526008E-21	9.226493053672843E-21	1.8453265646198852E-20	1.9264335971382665E-21
65.59448000962107	9.226772592526008E-21	9.226493053672843E-21	1.8453265646198852E-20	1.9264335971382665E-21

#Absolute change in energy: 1.726917916350023E-21J
#Percentage change: 10.324536738335707%
#Absolute change in angular momentum: 1.8028330359593861E-22kgm^2s^-1
#Percentage change: 10.324615484856512%