# EMSIM OUTPUT FILE 
# PARAMETERS OF SIMULATION RUN 
# ---------------------------- 
# Mode               : 1 
# Magnetic field?      true
# Failing field?       false
# Point charge?        false
# Electric field?      true
# Magnetic strength  : 1.0E-7T 
# Electric strength  : 1.0E-7NC^-1 
# Phase              : 1.5707963267948966
# Algorithm          : Velocity Verlet
# Time-step          : 1.0E-5s 
# Number of Turns    : 100.0
# Number of particles: 10
# Spread in x        : 0.010439684858214946m 
# Spread in y        : 0.010439684858214946m 
# Spread in z        : 0.010439684858214946m 
# Intial average v   : 1000.0ms^-1 
# Intial v_sigma     : 0.1ms^-1 
# ----------------------------- 
Spread in x 	 Spread in y 	 Spread in z 
0.010474723506627759	0.007681451698206901	0.007429973348030087
0.010467463814343117	0.007681642502038887	0.007429973348030087
0.01046618312179784	0.007681580204269756	0.007429973348030087
0.010474890371509005	0.007681771436213997	0.007429973348030087
0.010475618043412127	0.007681859096222162	0.007429973348030087
0.010470349268895507	0.007681751661039873	0.007429973348030087
0.0104750571877682	0.007681340971740395	0.007429973348030087
0.010483765298889391	0.007681929534454587	0.007429973348030087
0.010486493892086557	0.007681917026811547	0.007429973348030087
0.010485221256117838	0.00768171118155166	0.007429973348030087
0.010489939104247559	0.007680903432010595	0.007429973348030087
0.010480682682956322	0.007681193256771989	0.007429973348030087
0.010483410914806313	0.007681476746662773	0.007429973348030087
0.010486130264076188	0.007681668574949942	0.007429973348030087
0.010492845560731046	0.00768115999004958	0.007429973348030087
0.011707861092133953	0.012411797083842657	0.007429973348030087
0.010487579841410466	0.007681649065036253	0.007429973348030087
0.010472340827307858	0.0076817837672779	0.007429973348030087
0.010489032454682246	0.007681776882020172	0.007429973348030087
0.01049574838748124	0.007681663874411238	0.007429973348030087
0.010490490074213099	0.0076818066546308125	0.007429973348030087
0.010479229598113315	0.007682096700367954	0.007429973348030087
0.010493925355148592	0.007682032215266143	0.007429973348030087
0.010502643025506853	0.007682174798794167	0.007429973348030087
0.010501382382058555	0.0076817165933296865	0.007429973348030087
0.01049611190918931	0.007681760420317902	0.007429973348030087
0.010492843306584954	0.007681448933123545	0.007429973348030087
0.010499564781899062	0.007681492886986	0.007429973348030087
0.010500302993418975	0.00768142817359159	0.007429973348030087
0.010495040128969402	0.007681325005405248	0.007429973348030087
0.01049576398816865	0.007681211424427389	0.007429973348030087
0.01872307242234683	0.007426041370229619	0.007429973348030087
0.010500488045875223	0.007682042390891134	0.007429973348030087
0.010503212789662486	0.0076818302988337465	0.007429973348030087
0.010513924240173278	0.007681432614104174	0.007429973348030087
0.01051465750492464	0.007680975322183993	0.007429973348030087
0.01050141622297196	0.007681559348121555	0.007429973348030087
0.010504140614277624	0.0076812983821499935	0.007429973348030087
0.010514854280882613	0.007681244025832602	0.007429973348030087
0.010513593981102076	0.007680639594183514	0.007429973348030087
0.01050634255428351	0.007680880402376251	0.007429973348030087
0.010509065815774044	0.007681414560594898	0.007429973348030087
0.010519781910813819	0.007681299975068235	0.007429973348030087
0.01052052034112183	0.007681394575453347	0.007429973348030087
0.010515262093245603	0.007680889621190557	0.007429973348030087
0.010515989277179116	0.007681129278440032	0.007429973348030087
0.010524709743958027	0.007680917037890034	0.007429973348030087
0.012386161777371285	0.016324876278773104	0.007429973348030087
0.010525451185972035	0.007681352684871937	0.007429973348030087
0.010520194348307754	0.0076808482341102	0.007429973348030087
0.010522919126521924	0.0076806975540473325	0.007429973348030087
0.010529645763264206	0.00768072787688406	0.007429973348030087
0.010532387925110687	0.007681017381861728	0.007429973348030087
0.010531125740539604	0.007680415716778044	0.007429973348030087
0.010533860119198657	0.007680461553742621	0.007429973348030087
0.010522617225535047	0.007680736042351477	0.007429973348030087
0.010525346026364346	0.007680878821001103	0.007429973348030087
0.010538059457498417	0.007680520057581113	0.007429973348030087
0.010538799381099917	0.007680420327169964	0.007429973348030087
0.010527559381860119	0.0076804508019544335	0.007429973348030087
0.0105302876478226	0.00768098130792236	0.007429973348030087
0.010543004170853632	0.007680476680785701	0.007429973348030087
0.010543746800380394	0.007680621226860754	0.007429973348030087
0.010470333285079736	0.0083807039773518	0.007429973348030087
0.01053649929162681	0.0076806672974065494	0.007429973348030087
0.010535235112403729	0.007680647896807696	0.007429973348030087
0.010543960459154622	0.007680839671351875	0.007429973348030087
0.010544705006327426	0.007680917558388582	0.007429973348030087
0.01053945293220293	0.007680819243275719	0.007429973348030087
0.010540186733440482	0.0076804610592947865	0.007429973348030087
0.010546918776467962	0.007680942070465359	0.007429973348030087
0.010549664643910717	0.007680825588863091	0.007429973348030087
0.010548406438355418	0.007680632090662963	0.007429973348030087
0.010549141856207811	0.007680467680146434	0.007429973348030087
0.010553878761899949	0.007681286390869244	0.007429973348030087
0.010556615367425692	0.007681025505710365	0.007429973348030087
0.010567340488240262	0.007680639336012968	0.007429973348030087
0.010566091041995573	0.007680185967576214	0.007429973348030087
0.01055286222680829	0.007680714428509977	0.007429973348030087
0.01055559881774526	0.007680453659253097	0.007429973348030087
0.010981837228058566	0.012400047827782146	0.007429973348030087
0.010566325216795569	0.007680404270537332	0.007429973348030087
0.010563081103672545	0.007680192288248892	0.007429973348030087
0.010551838759580434	0.007680479845245358	0.007429973348030087
0.010550581966312755	0.00768091134117619	0.007429973348030087
0.010559314315782053	0.00768074605894566	0.007429973348030087
0.010558070253159357	0.007680698834532113	0.007429973348030087
0.010550820860999899	0.007680438112765535	0.007429973348030087
0.01056354338438581	0.007680677073127895	0.007429973348030087
0.010568287152944222	0.007680751531284794	0.007429973348030087
0.010567037436080895	0.007680561047446445	0.007429973348030087
0.01055780094486547	0.007680061094434523	0.007429973348030087
0.010550558994513182	0.007680491716238365	0.007429973348030087
0.01055330774483032	0.007680422506357731	0.007429973348030087
0.010554053245028783	0.0076806620826807845	0.007429973348030087
0.010558793477317252	0.007679875542574495	0.007429973348030087
0.018690499217086654	0.007744896948292279	0.007429973348030087
0.010551553564657645	0.007680067022521255	0.007429973348030087
0.010554293795811631	0.00768028212467731	0.007429973348030087
0.010557038761745297	0.007680474775573776	0.007429973348030087
0.010561783184031448	0.007680023440614357	0.007429973348030087
0.010554546299571754	0.0076804065212524916	0.007429973348030087
0.010557289569095296	0.007680525784672498	0.007429973348030087
0.010572018644009695	0.007680479812237217	0.007429973348030087
0.010574773054570663	0.007680196730725109	0.007429973348030087
0.010567549330709802	0.007679935570694119	0.007429973348030087
