# EMSIM OUTPUT FILE 
# PARAMETERS OF SIMULATION RUN 
# ---------------------------- 
# Mode               : 1 
# Magnetic field?      true
# Failing field?       false
# Point charge?        false
# Electric field?      true
# Magnetic strength  : 1.0E-7T 
# Electric strength  : 1.0E-7NC^-1 
# Phase              : 1.5707963267948966
# Algorithm          : Euler-Cromer
# Time-step          : 1.0E-7s 
# Number of Turns    : 100.0
# Number of particles: 1
# Spread in x        : 0.0m 
# Spread in y        : 0.0m 
# Spread in z        : 0.0m 
# Intial average v   : 1000.0ms^-1 
# Intial v_sigma     : 0.0ms^-1 
# ----------------------------- 
Time 	 KE 	 PE 	 E 	 L 
0.0	8.3631095E-22	8.3631095E-22	1.6726219E-21	1.7461645522948712E-22
0.10000000000184563	8.3639531383622965E-22	8.363706033229849E-22	1.6727659171592146E-21	1.7462891046734128E-22
0.20000000000472118	8.363960812631474E-22	8.364094683893404E-22	1.6728055496524879E-21	1.7463702524823617E-22
0.30000000000759675	8.363968486908312E-22	8.36436961193738E-22	1.6728338098845693E-21	1.7464276557251176E-22
0.4000000000104723	8.365648090470379E-22	8.365330681041652E-22	1.673097877151203E-21	1.746628320896629E-22
0.5000000000133479	8.365655766294841E-22	8.365695931035266E-22	1.6731351697330108E-21	1.746704582793185E-22
0.5999999999607123	8.365663442125408E-22	8.366027061614419E-22	1.6731690503739827E-21	1.7467737207710503E-22
0.6559447999312654	8.366503700438807E-22	8.366503700432676E-22	1.6733007400871482E-21	1.746873239952126E-22
0.6999999999080767	8.367343040574556E-22	8.366958279209183E-22	1.673430131978374E-21	1.7469681531355258E-22
0.7999999998554411	8.36735071795444E-22	8.367263500419273E-22	1.6734614218373713E-21	1.7470318814004335E-22
0.8999999998028055	8.367358395341575E-22	8.367642812775603E-22	1.6735001208117178E-21	1.7471110794296914E-22
0.99999999975017	8.369038004613865E-22	8.368626036375678E-22	1.6737664040989542E-21	1.7473163703202904E-22
1.0999999998085566	8.369045683548505E-22	8.368867658968275E-22	1.6737913342516779E-21	1.747366819594717E-22
1.1999999998669433	8.369053362490737E-22	8.369260512784245E-22	1.6738313875274982E-21	1.7474488449953983E-22
1.29999999992533	8.36906104143932E-22	8.369477393810435E-22	1.6738538435249754E-21	1.7474941283867015E-22
1.3118894999322719	8.369897912189532E-22	8.369897920194726E-22	1.6739795832384258E-21	1.7475819316452328E-22
1.3999999999837167	8.370740647036624E-22	8.37045679721405E-22	1.6741197444250675E-21	1.7476986216443578E-22
1.5000000000421034	8.370748327533268E-22	8.370836297594362E-22	1.674158462512763E-21	1.7477778589318382E-22
1.6000000001004901	8.370756008035969E-22	8.371141068190685E-22	1.6741897076226653E-21	1.7478414931114312E-22
1.7000000001588769	8.372435624356779E-22	8.372089317561723E-22	1.6744524941918502E-21	1.7480394816034444E-22
1.8000000002172636	8.372443306408451E-22	8.372435906165296E-22	1.6744879212573747E-21	1.7481118471193792E-22
1.9000000002756503	8.372450988467004E-22	8.372788781557531E-22	1.6745239770024536E-21	1.7481855252771623E-22
1.9678343003152565	8.373292166909219E-22	8.373292174906673E-22	1.6746584341815892E-21	1.7482906306356577E-22
2.000000000334037	8.374130599470408E-22	8.373729702971494E-22	1.6747860302441902E-21	1.7483819837379246E-22
2.100000000170379	8.374138283077698E-22	8.37400514489994E-22	1.6748143427977637E-21	1.748439494276519E-22
2.200000000006721	8.37414596669188E-22	8.374393687305553E-22	1.6748539653997432E-21	1.7485206194818921E-22
2.299999999843063	8.37566162422131E-22	8.375326127259834E-22	1.6750987751481144E-21	1.7487153070673299E-22
2.3999999996794052	8.375833257487041E-22	8.375613381069623E-22	1.6751446638556664E-21	1.7487752838523004E-22
2.4999999995157474	8.375840942656699E-22	8.376005466127494E-22	1.6751846408784194E-21	1.7488571487411363E-22
2.5999999993520895	8.375848627833932E-22	8.376257789670154E-22	1.6752106417504087E-21	1.74890983230649E-22
2.6237789993131733	8.376686416131784E-22	8.376686424138443E-22	1.6753372840270227E-21	1.748999328481856E-22
2.6999999991884316	8.377528245578993E-22	8.3772113244963725E-22	1.6754739570075365E-21	1.7491089243682308E-22
2.7999999990247737	8.377535932303437E-22	8.377576863568212E-22	1.6755112795871649E-21	1.7491852466224983E-22
2.899999998861116	8.3775436190353225E-22	8.377907632068983E-22	1.6755451251104306E-21	1.7492543090006796E-22
2.999999998697458	8.379223231306027E-22	8.378852526729096E-22	1.6758075758035122E-21	1.7494515970501957E-22
3.0999999985338	8.37923091958613E-22	8.379176050489888E-22	1.6758406970076018E-21	1.749519146772332E-22
3.199999998370142	8.379238607872643E-22	8.3795461855721335E-22	1.6758784793444776E-21	1.7495964286446042E-22
3.279723798239668	8.380080707516161E-22	8.380080707504428E-22	1.676016141502059E-21	1.749708033455063E-22
3.2999999982064843	8.380918230615551E-22	8.380506378776282E-22	1.6761424609391833E-21	1.7497969109336902E-22
3.3999999980428264	8.38092592045102E-22	8.380748581832402E-22	1.6761674502283422E-21	1.7498474814052419E-22
3.4999999978791685	8.380933610293085E-22	8.381141433391081E-22	1.6762075043684166E-21	1.7499295063346154E-22
3.5999999977155106	8.380941300142198E-22	8.381357740615156E-22	1.6762299040757354E-21	1.7499746699196534E-22
3.6999999975518527	8.3826209188489775E-22	8.382362043929723E-22	1.67649829627787E-21	1.7501843621217762E-22
3.799999997388195	8.38262861024688E-22	8.382748373054813E-22	1.6765376983301694E-21	1.750265025208126E-22
3.899999997224537	8.382636301650756E-22	8.383032964619977E-22	1.6765669266270733E-21	1.7503244461331983E-22
3.9356684971661626	8.383475008571793E-22	8.383475008566502E-22	1.6766950017138296E-21	1.7504167421231025E-22
3.999999997060879	8.384315930730514E-22	8.383970038498924E-22	1.6768285969229437E-21	1.7505201012528998E-22
4.09999999734131	8.384323623682154E-22	8.384316985471037E-22	1.676864060915319E-21	1.750592541593927E-22
4.199999997621742	8.384331316641877E-22	8.384669571890582E-22	1.676900088853246E-21	1.7506661594160338E-22
4.299999997902173	8.386010940042515E-22	8.385620640876632E-22	1.6771631580919147E-21	1.7508647366258895E-22
4.399999998182604	8.386018634550507E-22	8.385917008956959E-22	1.6771935643507466E-21	1.7509266164131026E-22
4.499999998463036	8.386026329065331E-22	8.3862997077497935E-22	1.6772326036815125E-21	1.7510065215089587E-22
4.591613298719948	8.386869350987967E-22	8.386869342960209E-22	1.6773738693948175E-21	1.751125457750576E-22
4.599999998743467	8.387705946734159E-22	8.387288484146287E-22	1.6774994430880445E-21	1.7512129717884512E-22
4.699999999023898	8.387713642797229E-22	8.387494403945044E-22	1.6775208046742273E-21	1.7512559665445535E-22
4.79999999930433	8.387721338867725E-22	8.387886566255036E-22	1.6775607905122762E-21	1.751337847563145E-22
4.899999999584761	8.3877290349454155E-22	8.388138369075529E-22	1.6775867404020945E-21	1.751390422404992E-22
4.999999999865192	8.389408664377127E-22	8.389114140155853E-22	1.677852280453298E-21	1.7515941572564389E-22
5.100000000145624	8.389416362001993E-22	8.3894898153762995E-22	1.6778906177378293E-21	1.751672595874649E-22
5.200000000426055	8.389424059633923E-22	8.389803092663116E-22	1.677922715229704E-21	1.751738006197601E-22
5.2475580005594225	8.390263686254079E-22	8.390263686246445E-22	1.6780527372500524E-21	1.7518341752347544E-22
5.300000000706486	8.391103683230124E-22	8.390733314967883E-22	1.6781836998198006E-21	1.7519322307517981E-22
5.400000000986918	8.391111382410835E-22	8.391057260437145E-22	1.6782168642847978E-21	1.7519998685240048E-22
5.500000001267349	8.391119081599243E-22	8.391427182553788E-22	1.678254626415303E-21	1.7520771059304013E-22
5.60000000154778	8.392798715317558E-22	8.392393862862849E-22	1.6785192578180405E-21	1.7522789426861064E-22
5.7000000018282115	8.392806416053734E-22	8.392659346139934E-22	1.6785465762193668E-21	1.7523343739210642E-22
5.800000002108643	8.392814116796416E-22	8.393049764825863E-22	1.6785863881622279E-21	1.7524158908819415E-22
5.900000002389074	8.393095778169565E-22	8.3933769442726755E-22	1.678647272244224E-21	1.7524842038882773E-22
5.903502802398897	8.393658062073682E-22	8.393658062055836E-22	1.6787316124129517E-21	1.752542899509562E-22
6.0000000026695055	8.394501446869048E-22	8.394243153438378E-22	1.6788744600307427E-21	1.7526650629025022E-22
6.100000002949937	8.394509149167203E-22	8.394629637064736E-22	1.6789138786231939E-21	1.752745758247743E-22
6.200000003230368	8.394516851471518E-22	8.394913767171369E-22	1.6789430618642887E-21	1.7528050828231826E-22
6.3000000035107995	8.396196490816003E-22	8.3958701263728675E-22	1.679206661718887E-21	1.7530047645966804E-22
6.400000003791231	8.3962041946690585E-22	8.396230387156736E-22	1.6792434581825794E-21	1.7530799847776876E-22
6.500000004071662	8.396211898529167E-22	8.396568397882471E-22	1.6792780296411636E-21	1.753150559286795E-22
6.5594475042383715	8.397052445924713E-22	8.397052453931179E-22	1.6794104899855894E-21	1.7532516271388397E-22
6.600000004352093	8.3978915318324955E-22	8.397501487771188E-22	1.6795393019603683E-21	1.7533453825744468E-22
6.700000004632525	8.397899237240294E-22	8.397798334458285E-22	1.6795697571698579E-21	1.7534073622917369E-22
6.800000004912956	8.397906942655258E-22	8.398180897832089E-22	1.6796087840487345E-21	1.753487239112953E-22
6.900000005193387	8.399586585881812E-22	8.399172424550233E-22	1.6798759010432046E-21	1.7536942636422714E-22
7.000000005473819	8.399594292846078E-22	8.399403682037881E-22	1.6798997974883959E-21	1.7537425487481142E-22
7.10000000575425	8.399601999816493E-22	8.39979686267701E-22	1.6799398862493503E-21	1.7538246423874116E-22
7.200000006034681	8.39960970679399E-22	8.400024508640174E-22	1.6799634215434163E-21	1.753872173429705E-22
7.215392206077846	8.4004468534576E-22	8.400446869493329E-22	1.680089372295093E-21	1.753960359713773E-22
7.300000006315113	8.4012893454172225E-22	8.400995345839523E-22	1.6802284691256745E-21	1.7540748781179017E-22
7.400000006595544	8.401297053943053E-22	8.401371242557685E-22	1.6802668296500738E-21	1.754153362983439E-22
7.500000006875975	8.401304762477151E-22	8.40168411675902E-22	1.680298887923617E-21	1.7542186891446833E-22
7.600000007156407	8.402984410924624E-22	8.402630433108161E-22	1.6805614844032785E-21	1.754416274033907E-22
7.700000007436838	8.402992121007377E-22	8.402970711298922E-22	1.6805962832306299E-21	1.7544873219754207E-22
7.800000007717269	8.402999831096065E-22	8.403329177242277E-22	1.680632900833834E-21	1.754562167405041E-22
7.871337007917321	8.403841300343322E-22	8.403841316373528E-22	1.680768261671685E-21	1.7546690988277174E-22
7.900000007997701	8.404679473297436E-22	8.404274808491999E-22	1.6808954281789434E-21	1.7547596092498247E-22
8.000000008278132	8.404687184933956E-22	8.404540810521306E-22	1.680922799545526E-21	1.7548151487969768E-22
8.100000007670385	8.404694896578039E-22	8.404931157135701E-22	1.680962605371374E-21	1.7548966507097718E-22
8.200000007062638	8.405649539076492E-22	8.405594114102368E-22	1.6811243653178861E-21	1.7550350719459031E-22
8.30000000645489	8.406382245672932E-22	8.40615056618078E-22	1.6812532811853711E-21	1.7551512556326493E-22
8.400000005847144	8.406389958872209E-22	8.406541507591426E-22	1.6812931466463636E-21	1.755232881735153E-22
8.500000005239396	8.406397672079082E-22	8.406803709473102E-22	1.6813201381552183E-21	1.7552876278354316E-22
8.527281705073593	8.407235738014707E-22	8.407235754056161E-22	1.6814471492070869E-21	1.755377836021268E-22
8.60000000463165	8.40807731919581E-22	8.407751418359914E-22	1.6815828737555724E-21	1.7554855034777447E-22
8.700000004023902	8.408085033950756E-22	8.408111964224944E-22	1.68161969981757E-21	1.7555607831819016E-22
8.800000003416155	8.40809274871247E-22	8.40844963328541E-22	1.681654238199788E-21	1.755631286353454E-22
8.900000002808408	8.409772389428316E-22	8.409395397629212E-22	1.6819167787057529E-21	1.7558287559874427E-22
9.000000002200661	8.409780105738924E-22	8.409711372201355E-22	1.681949147794028E-21	1.7558947294865704E-22
9.100000001592914	8.409787822055994E-22	8.4100857358625205E-22	1.6819873557918515E-21	1.7559728942594692E-22
9.183226501087107	8.410630214228685E-22	8.410630222241188E-22	1.6821260436469874E-21	1.7560865795835265E-22
9.200000000985167	8.411467472344599E-22	8.411053415303974E-22	1.6822520887648572E-21	1.7561749396277198E-22
9.30000000037742	8.411475190209748E-22	8.4112852355741875E-22	1.6822760425783937E-21	1.7562233422390154E-22
9.399999999769673	8.411482908081676E-22	8.411678421580657E-22	1.6823161329662334E-21	1.7563054369989793E-22
9.499999999161926	8.411490625960489E-22	8.41190552019726E-22	1.682339614615775E-21	1.7563528537587608E-22
9.599999998554178	8.413170271285037E-22	8.412900529745289E-22	1.6826070801030327E-21	1.756560605481008E-22
9.699999997946431	8.413177990712268E-22	8.413284259986744E-22	1.6826462250699012E-21	1.756640725936835E-22
9.799999997338684	8.413185710148053E-22	8.413577715357421E-22	1.6826763425505475E-21	1.756701997568631E-22
9.839171197100622	8.414024696428904E-22	8.414024704448466E-22	1.682804940087737E-21	1.7567953260735426E-22
9.899999996730937	8.414865364946977E-22	8.414511779303969E-22	1.6829377144250945E-21	1.7568970242334185E-22
9.99999999612319	8.414873085930003E-22	8.414852408554841E-22	1.6829725494484843E-21	1.7569681454740708E-22
10.099999995515443	8.41488080692163E-22	8.415210603447002E-22	1.6830091410368632E-21	1.7570429343099106E-22
10.199999994907696	8.416560455114345E-22	8.416165334018138E-22	1.6832725789132482E-21	1.7572422760356535E-22
10.299999994299949	8.416568177651421E-22	8.416453012453848E-22	1.6833021190105268E-21	1.75730234147984E-22
10.399999993692202	8.416575900196142E-22	8.416838523419926E-22	1.6833414423616067E-21	1.7573828337397447E-22
10.495115993114137	8.417419216369095E-22	8.417419216354882E-22	1.6834838432723976E-21	1.7575040787645517E-22
10.499999993084455	8.418204079110619E-22	8.417811737573719E-22	1.6836015816684337E-21	1.7575860347210478E-22
10.599999992476707	8.418263281855501E-22	8.418032206831341E-22	1.6836295488686843E-21	1.7576320673124578E-22
10.69999999186896	8.4182710059567155E-22	8.41842323716817E-22	1.6836694243124885E-21	1.7577137119821876E-22
10.799999991261213	8.418278730064237E-22	8.418684948201426E-22	1.6836963678265663E-21	1.7577683555964098E-22
10.899999990653466	8.419958382462679E-22	8.419654074729496E-22	1.6839612457192175E-21	1.7579707031072258E-22
10.999999990045719	8.419966108119033E-22	8.42002572294997E-22	1.6839991831069002E-21	1.758048300913223E-22
11.099999989437972	8.41997383378192E-22	8.420346729005654E-22	1.6840320562787575E-21	1.7581153249544014E-22
11.151060689127652	8.420813741486349E-22	8.420813741479474E-22	1.6841627482965824E-21	1.758212834215432E-22
11.199999988830225	8.421653495455674E-22	8.421276805938946E-22	1.684293030139462E-21	1.7583095191559504E-22
11.299999988222478	8.421661222667173E-22	8.421593203720012E-22	1.6843254426387184E-21	1.758375581018434E-22
11.39999998761473	8.4216689498850785E-22	8.421967383551249E-22	1.6843636333436329E-21	1.7584537074088023E-22
11.499999987006984	8.423348604747012E-22	8.422940473730085E-22	1.6846289078477098E-21	1.7586568825049158E-22
11.599999986399236	8.42335633351439E-22	8.423196230348554E-22	1.6846552563862944E-21	1.7587102828748602E-22
11.69999998579149	8.423364062288228E-22	8.423587994050158E-22	1.6846952056338386E-21	1.7587920806665328E-22
11.799999985183742	8.423371791069091E-22	8.423789529185262E-22	1.6847161320254352E-21	1.7588341599324997E-22
11.807005485141167	8.424208303541597E-22	8.424208295495742E-22	1.6848416599037338E-21	1.7589215956987127E-22
11.899999984575995	8.42505145664788E-22	8.424782254079309E-22	1.684983371072719E-21	1.7590414346333947E-22
11.999999983968248	8.425059186977702E-22	8.425166161497678E-22	1.685022534847538E-21	1.7591215920826449E-22
12.099999983360501	8.425066917314084E-22	8.42545919494256E-22	1.6850526112256645E-21	1.7591827756189946E-22
12.199999982752754	8.426746575977376E-22	8.426411645605212E-22	1.6853158221582588E-21	1.7593816413142164E-22
12.299999982145007	8.426754307862613E-22	8.426766497743648E-22	1.685352080560626E-21	1.7594557322041468E-22
12.39999998153726	8.426762039753737E-22	8.42711099496273E-22	1.6853873034716467E-21	1.7595276610521816E-22
12.462950181154682	8.427602869958239E-22	8.4276028619175125E-22	1.685520573187575E-21	1.759630359772184E-22
12.499999980929513	8.42844170749352E-22	8.428046794633196E-22	1.6856488502126717E-21	1.7597230501251836E-22
12.599999980321765	8.428449440933958E-22	8.4283349600384685E-22	1.6856784400972427E-21	1.7597832172455452E-22
12.699999979714018	8.4284571743809215E-22	8.428720376662885E-22	1.6857177551043806E-21	1.7598636898075058E-22
12.799999979106271	8.43013683510357E-22	8.429720981902297E-22	1.6859857817005867E-21	1.7600726098748447E-22
12.899999978498524	8.430144570098233E-22	8.429941604805548E-22	1.686008617490378E-21	1.7601186745464937E-22
12.999999977890777	8.430152305100734E-22	8.430334645925063E-22	1.6860486951025797E-21	1.7602007390549746E-22
13.09999997728303	8.430160040110566E-22	8.4305727897765045E-22	1.6860732829887072E-21	1.7602504619901738E-22
13.118894977168196	8.430997472510857E-22	8.430997456425188E-22	1.6861994928936046E-21	1.760339129709815E-22
13.199999976675283	8.431839711351791E-22	8.4315358683147515E-22	1.6863375579666543E-21	1.7604515467188343E-22
13.299999976067536	8.43184744790933E-22	8.431907777768973E-22	1.6863755225678303E-21	1.7605291990687914E-22
13.399999975459789	8.431855184475091E-22	8.432228437648073E-22	1.6864083622123164E-21	1.7605961508304808E-22
13.499999974852042	8.433534848596394E-22	8.43317363571854E-22	1.6866708484314933E-21	1.7607935022301664E-22
13.599999974244295	8.433542586708022E-22	8.433507195586084E-22	1.6867049782294105E-21	1.7608631474281367E-22
13.699999973636547	8.4335503248275515E-22	8.433870820343295E-22	1.6867421145170847E-21	1.7609390699855749E-22
13.774839673181711	8.434392078608918E-22	8.434392062529571E-22	1.686878414113849E-21	1.7610479020687657E-22
13.7999999730288	8.435229997826468E-22	8.434821978508059E-22	1.6870051976334527E-21	1.761137665815384E-22
13.899999972421053	8.435237737494222E-22	8.435078276437782E-22	1.6870316013932003E-21	1.7611911792077064E-22
13.999999971813306	8.435245477169614E-22	8.43547003598176E-22	1.6870715513151374E-21	1.7612729761312932E-22
14.099999971205559	8.435636821238702E-22	8.435862767987355E-22	1.6871499589226058E-21	1.7613549760987362E-22
14.199999970597812	8.436932884171111E-22	8.436689687815074E-22	1.6873622571986186E-21	1.761527631746824E-22
14.299999969990065	8.436940625401951E-22	8.437079014769986E-22	1.6874019640171936E-21	1.761608920761146E-22
14.399999969382318	8.43694836664021E-22	8.437350780998221E-22	1.687429914763843E-21	1.7616656638367035E-22
14.430784369195226	8.437786703945072E-22	8.437786687870049E-22	1.687557339181512E-21	1.7617566784440916E-22
14.49999996877457	8.438628042737143E-22	8.438293495369006E-22	1.6876921538106148E-21	1.7618624966555495E-22
14.599999968166824	8.43863578552495E-22	8.438648687199984E-22	1.6877284472724934E-21	1.7619366584711422E-22
14.699999967559076	8.438643528318016E-22	8.438992919446903E-22	1.6877636447764919E-21	1.762008531994659E-22
14.79999996695133	8.440323197089958E-22	8.439940382180937E-22	1.6880263579270895E-21	1.7622063562418237E-22
14.899999966343582	8.440330941431254E-22	8.440248429707567E-22	1.688057937113882E-21	1.762270674623811E-22
14.999999965735835	8.440338685780516E-22	8.440626570819314E-22	1.688096525659983E-21	1.7623496281045827E-22
15.086729165208741	8.441181364218194E-22	8.441181340091527E-22	1.6882362704309723E-21	1.7624654604320011E-22
15.099999965128088	8.442018363232437E-22	8.441602524383065E-22	1.6883620887615501E-21	1.762553401057419E-22
15.199999964520341	8.442026109128604E-22	8.441823732678917E-22	1.6883849841807521E-21	1.762599587955353E-22
15.299999963912594	8.442033855031657E-22	8.442216858971719E-22	1.6884250714003376E-21	1.7626816702474796E-22
15.399999963304847	8.442041600942844E-22	8.442454524681871E-22	1.6884496125624713E-21	1.7627312933497915E-22
15.4999999626971	8.443721272507983E-22	8.4434409972709585E-22	1.6887162269778943E-21	1.7629372626088182E-22
15.599999962089353	8.443729019968284E-22	8.443821666877585E-22	1.688755068684587E-21	1.7630167440233841E-22
15.699999961481605	8.443736767434753E-22	8.444123633741987E-22	1.6887860401176741E-21	1.7630797928014238E-22
15.742673861222256	8.444576026816321E-22	8.444576002694937E-22	1.6889152029511259E-21	1.7631742445875926E-22
15.799999960873858	8.445416447580139E-22	8.445055530080167E-22	1.6890471977660308E-21	1.7632743668832462E-22
15.899999960266111	8.445424196594717E-22	8.445389501190478E-22	1.6890813697785196E-21	1.763344097946114E-22
15.999999959658364	8.445431945617504E-22	8.445752946182307E-22	1.6891184891799812E-21	1.7634199829696738E-22
16.099999960826974	8.447111618233177E-22	8.446712161438438E-22	1.6893823779671617E-21	1.763620261069378E-22
16.199999961995584	8.447119368803852E-22	8.446990807337661E-22	1.6894110176141513E-21	1.7636784405768763E-22
16.299999963164193	8.447127119381366E-22	8.44737866582202E-22	1.6894505785203385E-21	1.763759422983802E-22
16.39861866431666	8.447970739616714E-22	8.447970699397629E-22	1.6895941439014345E-21	1.763883035862899E-22
16.399999964332803	8.448193263813484E-22	8.448081914264028E-22	1.6896275178077513E-21	1.763906256826034E-22
16.499999965501413	8.448814568668903E-22	8.448571893301918E-22	1.6897386461970821E-21	1.764008561360888E-22
16.599999966670023	8.448822320801408E-22	8.448961399713423E-22	1.6897783720514833E-21	1.7640898878446155E-22
16.699999967838632	8.448830072940933E-22	8.449232759633128E-22	1.6898062832574061E-21	1.7641465460855127E-22
16.799999969007242	8.450509764013887E-22	8.45019604232873E-22	1.6900705806342617E-21	1.764347673440942E-22
16.899999970175852	8.45051751770178E-22	8.450563223852129E-22	1.6901080741553907E-21	1.7644243386287427E-22
16.99999997134446	8.4505252713972405E-22	8.450891578563958E-22	1.6901416849961198E-21	1.7644928970230068E-22
17.054563371982095	8.451365470005351E-22	8.4513654297862735E-22	1.6902730899791625E-21	1.7645918341716201E-22
17.09999997251307	8.452204970855719E-22	8.451822352028356E-22	1.6904027322884074E-21	1.764687236655861E-22
17.19999997368168	8.452212726100299E-22	8.4521308801301255E-22	1.6904343606230425E-21	1.7647516553789087E-22
17.29999997485029	8.4522204813513815E-22	8.452508936261116E-22	1.6904729417612499E-21	1.7648305911162337E-22
17.3999999760189	8.453900173077626E-22	8.453489249948405E-22	1.690738942302603E-21	1.7650352744353835E-22
17.49999997718751	8.453907929876825E-22	8.453734986093843E-22	1.6907642915970667E-21	1.7650865825937163E-22
17.59999997835612	8.453915686682864E-22	8.45412763735364E-22	1.6908043324036505E-21	1.7651685657019457E-22
17.69999997952473	8.453923443496027E-22	8.454340237926483E-22	1.6908263681422509E-21	1.7652129553615688E-22
17.71050817964753	8.4547602337436E-22	8.454760185461064E-22	1.6909520419204663E-21	1.7653006377599291E-22
17.79999998069334	8.455603145050128E-22	8.455323317881563E-22	1.691092646293169E-21	1.7654182162599979E-22
17.89999998186195	8.455610903411217E-22	8.455704249836834E-22	1.6911315153248052E-21	1.765497752451307E-22
17.99999998303056	8.455618661780236E-22	8.456005884815315E-22	1.691162454659555E-21	1.765560731933658E-22
18.09999998419917	8.45729835550094E-22	8.45695525297003E-22	1.6914253608470971E-21	1.7657589540206513E-22
18.19999998536778	8.457306115417085E-22	8.457304290706383E-22	1.6914610406123469E-21	1.7658318309000742E-22
18.29999998653639	8.457313875340706E-22	8.457654878846752E-22	1.6914968754187458E-21	1.765905031494084E-22
18.366452887312963	8.458154998196159E-22	8.458154949912032E-22	1.6916309948108191E-21	1.7660094431806486E-22
18.399999987704998	8.458993577248001E-22	8.458594221454697E-22	1.6917587798702699E-21	1.7661011603101006E-22
18.499999988873608	8.459001338719626E-22	8.458873401703142E-22	1.6917874740422768E-21	1.7661594513863487E-22
18.599999990042217	8.459009100198866E-22	8.459261264071543E-22	1.691827036427041E-21	1.7662404346042382E-22
18.699999991210827	8.460688794169138E-22	8.460271728584928E-22	1.6920960522754066E-21	1.7664514132258412E-22
18.799999992379437	8.460696557197271E-22	8.460481473451079E-22	1.692117803064835E-21	1.7664952066319059E-22
18.899999993548047	8.460704320232801E-22	8.460873931090254E-22	1.6921578251323054E-21	1.7665771493133696E-22
18.999999994716656	8.460712083275543E-22	8.461122305503886E-22	1.692183438877943E-21	1.766629008325473E-22
19.022397694978398	8.461549795197889E-22	8.461549738846453E-22	1.6923099534044342E-21	1.7667182537133585E-22
19.099999995885266	8.462391786875458E-22	8.462078432849906E-22	1.6924470219725364E-21	1.7668286416890084E-22
19.199999997053876	8.462399551465355E-22	8.462445954213359E-22	1.6924845505678715E-21	1.7669053778332704E-22
19.299999998222486	8.462407316063272E-22	8.462774057008582E-22	1.6925181373071853E-21	1.766973883628935E-22
19.399999999391095	8.4640870116233935E-22	8.463718974320628E-22	1.6927805985944023E-21	1.7671711764080317E-22
19.500000000559705	8.464094777769921E-22	8.464045447916563E-22	1.6928140225686485E-21	1.7672393420371533E-22
19.600000001728315	8.464102543923039E-22	8.464413827278383E-22	1.6928516371201422E-21	1.767316257326067E-22
19.678342402643832	8.4649445921031605E-22	8.464944535747964E-22	1.6929889127851124E-21	1.767427065909547E-22
19.700000002896925	8.465782247472823E-22	8.465371329289661E-22	1.6931153576762483E-21	1.767516177711044E-22
19.800000004065534	8.465790015174308E-22	8.46561764347793E-22	1.6931407658652238E-21	1.7675676065610764E-22
19.900000005234144	8.465797782881781E-22	8.466010386795763E-22	1.6931808169677543E-21	1.7676496088904435E-22
20.000000006402754	8.4658055505986615E-22	8.466222524500338E-22	1.6932028075099E-21	1.7676939019060895E-22
20.100000007571364	8.4674852475481305E-22	8.467230812048223E-22	1.6934716059596354E-21	1.7679044259910174E-22
20.200000008739973	8.4674930168112725E-22	8.467618092473329E-22	1.6935111109284602E-21	1.7679852877028145E-22
20.300000009908583	8.467500786082476E-22	8.4678991220984255E-22	1.6935399908180901E-21	1.768043964917251E-22
20.334287110309266	8.468339404628067E-22	8.468339348271448E-22	1.6936678752899514E-21	1.7681358813675052E-22
20.400000011077193	8.469180490921222E-22	8.468837669602402E-22	1.6938018160523625E-21	1.768239927720571E-22
20.500000012245803	8.469188261741694E-22	8.469187117955361E-22	1.6938375379697055E-21	1.768312890334153E-22
20.600000013414412	8.469196032567938E-22	8.469537538268367E-22	1.6938733570836305E-21	1.7683860558868668E-22
20.700000014583022	8.47087572916438E-22	8.470487526013664E-22	1.6941363255178044E-21	1.7685844073404682E-22
20.800000015751632	8.470883501539596E-22	8.470787307725321E-22	1.6941670809264917E-21	1.7686469998723874E-22
20.90000001692024	8.470891273920773E-22	8.471168805880663E-22	1.6942060079801436E-21	1.7687266542827028E-22
20.9902319179747	8.471734248504634E-22	8.47173418407301E-22	1.6943468432577643E-21	1.7688447016857792E-22
21.00000001808885	8.472570978307747E-22	8.472153822325273E-22	1.6944724800633022E-21	1.7689323195079403E-22
21.10000001925746	8.472578752238918E-22	8.472364178137444E-22	1.694494293037636E-21	1.7689762404756837E-22
21.20000002042607	8.472586526176004E-22	8.472756813780683E-22	1.6945343339956687E-21	1.769058220323274E-22
21.30000002159468	8.472594300119716E-22	8.473004791304558E-22	1.6945599091424275E-21	1.7691099964672979E-22
21.40000002276329	8.474273997702016E-22	8.473983508363423E-22	1.694825750606544E-21	1.7693143464204956E-22
21.5000000239319	8.4742817731957E-22	8.47436069536428E-22	1.694864246855998E-21	1.7693931006889266E-22
21.60000002510051	8.474289548695616E-22	8.474670838718083E-22	1.6948960387413697E-21	1.7694578566664186E-22
21.646176625640134	8.475129107155087E-22	8.475129034663315E-22	1.6950258141818404E-21	1.769553525091849E-22
21.70000002626912	8.475969270058465E-22	8.475601416011115E-22	1.695157068606958E-21	1.7696521553399277E-22
21.80000002743773	8.475977047106602E-22	8.475928369308682E-22	1.6951905416415286E-21	1.7697204211277266E-22
21.90000002860634	8.475984824162092E-22	8.476296674454842E-22	1.6952281498616936E-21	1.769797320920878E-22
22.00000002977495	8.477664537079114E-22	8.47726119805446E-22	1.6954925735133573E-21	1.7699987073692446E-22
22.10000003094356	8.477672315683614E-22	8.477530506214684E-22	1.69552028218983E-21	1.7700549372156944E-22
22.200000032112168	8.477680094294231E-22	8.4779202810642E-22	1.695560037535843E-21	1.7701363197475866E-22
22.300000033280778	8.47818167497826E-22	8.478352819261282E-22	1.6956534494239543E-21	1.7702266309969201E-22
22.30212143330557	8.478524012454673E-22	8.47852393188051E-22	1.695704794433518E-21	1.7702623582333202E-22
22.400000034449388	8.479367594968446E-22	8.479113592968021E-22	1.6958481187936468E-21	1.7703854757518556E-22
22.500000035617997	8.479375375133986E-22	8.479501140969738E-22	1.6958876516103724E-21	1.7704663933319626E-22
22.600000036786607	8.479383155307358E-22	8.479781851871358E-22	1.6959165007178714E-21	1.7705250039989462E-22
22.700000037955217	8.481062868815857E-22	8.480740090501378E-22	1.6961802959317233E-21	1.7707250781852734E-22
22.800000039123827	8.481070650537614E-22	8.481102398936512E-22	1.696217304947413E-21	1.770800725902959E-22
22.900000040292436	8.481078432266095E-22	8.481437737596572E-22	1.6962516169862667E-21	1.770870742501595E-22
22.958066140971003	8.481918915640066E-22	8.481918835057177E-22	1.696383775069724E-21	1.7709711926190913E-22
23.000000041461046	8.482758153271923E-22	8.482370039135168E-22	1.696512819240709E-21	1.7710654011867104E-22
23.100000042629656	8.482765936549391E-22	8.482670353938282E-22	1.6965436290487675E-21	1.7711281050247657E-22
23.200000043798266	8.482773719833877E-22	8.48305186597232E-22	1.69658255858062E-21	1.7712077623328652E-22
23.300000044966875	8.484453432190096E-22	8.484040183119949E-22	1.6968493615310043E-21	1.7714141167240897E-22
23.400000046135485	8.484461217023261E-22	8.48427563112595E-22	1.696873684814921E-21	1.7714632767837524E-22
23.500000047304095	8.484469001864139E-22	8.484668733650978E-22	1.6969137735515117E-21	1.771545354113318E-22
23.600000048472705	8.484476786711761E-22	8.484892165370735E-22	1.6969368952082497E-21	1.7715920052481497E-22
23.614010948636437	8.485313848595579E-22	8.485313759927118E-22	1.6970627608522697E-21	1.7716800315342811E-22
23.700000049641314	8.486156508007276E-22	8.485866372436812E-22	1.6972022880444088E-21	1.771795413543279E-22
23.800000050809924	8.486164294402024E-22	8.486243903933253E-22	1.6972408198335277E-21	1.7718742397402173E-22
23.900000051978534	8.486172080804995E-22	8.486553807874376E-22	1.697272588867937E-21	1.77193894572985E-22
24.000000053147144	8.487851809449932E-22	8.487500918322282E-22	1.6975352727772214E-21	1.7721366964218913E-22
24.100000054315753	8.487859597401097E-22	8.487843762510219E-22	1.6975703359911315E-21	1.7722082801274422E-22
24.200000055484363	8.487867385359098E-22	8.488200058673783E-22	1.697606744403288E-21	1.772282672520718E-22
24.26995565630187	8.48870879472545E-22	8.488708714106759E-22	1.697741750883221E-21	1.7723888765691515E-22
24.300000056652973	8.489547105202725E-22	8.489143767546557E-22	1.697869087274928E-21	1.7724797129853112E-22
24.400000057821583	8.48955489470894E-22	8.4894136470763E-22	1.697896854178524E-21	1.772536062130115E-22
24.500000058990192	8.489562684222886E-22	8.48980351602028E-22	1.6979366200243165E-21	1.7726174643083378E-22
24.600000060158802	8.4907409176298E-22	8.49057396313175E-22	1.6981314880761548E-21	1.7727783288092116E-22
24.70000006132741	8.49125020237988E-22	8.491023237335782E-22	1.6982273439715663E-21	1.7728721344313122E-22
24.80000006249602	8.491257993449855E-22	8.491414690481106E-22	1.698267268393096E-21	1.7729538673807908E-22
24.90000006366463	8.491265784525862E-22	8.49167303063176E-22	1.6982938815157622E-21	1.773007807175972E-22
24.925900463967306	8.492103769831563E-22	8.49210368918751E-22	1.6984207459019072E-21	1.7730977259680425E-22
25.00000006483324	8.492945504258455E-22	8.492623006054398E-22	1.698556851031285E-21	1.7732061560566796E-22
25.10000006600185	8.492953296884299E-22	8.492985715551005E-22	1.6985939012435302E-21	1.773281887513473E-22
25.20000006717046	8.492961089516667E-22	8.493320885883415E-22	1.698628197540008E-21	1.7733518689663564E-22
25.30000006833907	8.494640816401126E-22	8.49426635122963E-22	1.6988907167630755E-21	1.7735492761715341E-22
25.40000006950768	8.494648610581013E-22	8.49458539663126E-22	1.6989234007212273E-21	1.7736158908405033E-22
25.50000007067629	8.494656404768088E-22	8.494958142263863E-22	1.698961454703195E-21	1.7736937177792362E-22
25.58184517163274	8.495498757316741E-22	8.495498676663386E-22	1.6990997433980125E-21	1.7738065779549574E-22
25.6000000718449	8.496336138757323E-22	8.495922804387539E-22	1.6992258943144864E-21	1.7738951331505527E-22
25.70000007301351	8.496343934493313E-22	8.496158852629842E-22	1.6992502787123156E-21	1.7739444185357725E-22
25.80000007418212	8.496351730235501E-22	8.496552127216798E-22	1.69929038574523E-21	1.774026531790784E-22
25.90000007535073	8.496359525986676E-22	8.49677516591918E-22	1.6993134691905856E-21	1.7740731008660646E-22
26.00000007651934	8.498039268573212E-22	8.497773863605239E-22	1.699581313217845E-21	1.7742816226482863E-22
26.100000077687948	8.498047065872814E-22	8.49815869687264E-22	1.6996205762745456E-21	1.774361973408979E-22
26.200000078856558	8.498054863179493E-22	8.498448700510297E-22	1.699650356368979E-21	1.7744225243406762E-22
26.237789979298174	8.49889378909895E-22	8.498893708420376E-22	1.6997787497519326E-21	1.7745154391874894E-22
26.300000080025168	8.499734596660425E-22	8.499383909768332E-22	1.6999118506428758E-21	1.774617790139284E-22
26.400000081193777	8.49974239551431E-22	8.499727205375143E-22	1.6999469600889452E-21	1.77468946809825E-22
26.500000082362387	8.499750194375635E-22	8.500083405244764E-22	1.69998335996204E-21	1.774763840385958E-22
26.600000083530997	8.501429934814537E-22	8.50103674624099E-22	1.7002466681055528E-21	1.7749628919772178E-22
26.700000084699607	8.501437735223812E-22	8.50132795984361E-22	1.700276569506742E-21	1.775023695541974E-22
26.800000085868216	8.501445535640793E-22	8.501712427354237E-22	1.7003157962995033E-21	1.7751039699349571E-22
26.893734686963608	8.502288816350619E-22	8.50228874372855E-22	1.700457756007917E-21	1.775224301161486E-22
26.900000087036826	8.50312526687315E-22	8.502707300148185E-22	1.7005832567021335E-21	1.7753116931038136E-22
27.000000088205436	8.50313306883864E-22	8.502906555827705E-22	1.7006039624666346E-21	1.7753532964338217E-22
27.100000089374046	8.503140870810293E-22	8.503298233372933E-22	1.7006439104183226E-21	1.7754350762365863E-22
27.200000090542655	8.503148672790003E-22	8.503556232559288E-22	1.700670490534929E-21	1.7754889448405705E-22
27.300000091711265	8.504828412423728E-22	8.504528004873014E-22	1.700935641729674E-21	1.7756918447747552E-22
27.400000092879875	8.504836215952297E-22	8.504901333468748E-22	1.7009737549421043E-21	1.775769793432516E-22
27.500000094048485	8.504844019487176E-22	8.50521934539798E-22	1.7010063364885157E-21	1.775836192318962E-22
27.54967939462904	8.505683854831814E-22	8.505683790271645E-22	1.701136764510346E-21	1.7759331654812638E-22
27.600000095217094	8.506523765930116E-22	8.506149435038188E-22	1.7012673200968305E-21	1.7760303891736355E-22
27.700000096385704	8.506531571013437E-22	8.506468969429479E-22	1.7013000540442918E-21	1.7760971059405645E-22
27.800000097554314	8.506539376103653E-22	8.506841683849963E-22	1.7013381059953614E-21	1.7761749263624035E-22
27.900000098722924	8.50821911318945E-22	8.507812302465277E-22	1.701603141565473E-21	1.7763775854116316E-22
28.000000099891533	8.508226919828395E-22	8.50807200706514E-22	1.7016298926893536E-21	1.7764318100952076E-22
28.100000101060143	8.508234726474414E-22	8.50846330952925E-22	1.7016698036003664E-21	1.7765135115833985E-22
28.200000102228753	8.508242533127823E-22	8.50866043217675E-22	1.7016902965304573E-21	1.7765546695497651E-22
28.205624202294477	8.509078936426974E-22	8.5090788637723E-22	1.701815780019927E-21	1.7766420354296098E-22
28.300000103397362	8.509922278464882E-22	8.509657261630447E-22	1.701957954009533E-21	1.7767628012568444E-22
28.400000104565972	8.509930086666468E-22	8.510042382429519E-22	1.7019972469095987E-21	1.7768432120523376E-22
28.500000105734582	8.509937894876463E-22	8.5103321088864E-22	1.702027000376286E-21	1.7769037051104362E-22
28.60000010690319	8.511617630755058E-22	8.51128612453898E-22	1.7022903755294036E-21	1.7771028975656907E-22
28.7000001080718	8.511625440512103E-22	8.511643199322859E-22	1.7023268639834964E-21	1.7771774525299812E-22
28.80000010924041	8.51163325027553E-22	8.511985188411632E-22	1.7023618438687162E-21	1.777248857696216E-22
28.86156890995991	8.512474028409433E-22	8.512473947677215E-22	1.7024947976086648E-21	1.7773509075503005E-22
28.90000011040902	8.513313008891267E-22	8.512919869990055E-22	1.7026232878881324E-21	1.7774440133186463E-22
29.00000011157763	8.513320820204204E-22	8.513211615047436E-22	1.702653243525164E-21	1.7775049278478064E-22
29.10000011274624	8.513328631524194E-22	8.513596129613435E-22	1.702692476113763E-21	1.7775852120656546E-22
29.20000011391485	8.515008380580714E-22	8.51459322612087E-22	1.7029601606701584E-21	1.7777933995318718E-22
29.30000011508346	8.515016193448727E-22	8.51481815471748E-22	1.702983434816621E-21	1.7778403632051561E-22
29.40000011625207	8.5150240063239E-22	8.515211316443245E-22	1.7030235322767143E-21	1.7779224528954618E-22
29.50000011742068	8.515031819205887E-22	8.515445359509504E-22	1.7030477178715393E-21	1.7779713196125617E-22
29.517513717625345	8.515869162727156E-22	8.515869073894762E-22	1.703173823662192E-21	1.7780597885056013E-22
29.60000011858929	8.516711576321841E-22	8.51641148323333E-22	1.703312305955517E-21	1.7781730401567777E-22
29.7000001197579	8.516719390751967E-22	8.516785164751304E-22	1.7033504555503273E-21	1.7782510625024772E-22
29.80000012092651	8.51672720518998E-22	8.517102971925095E-22	1.7033830177115075E-21	1.7783174186372788E-22
29.90000012209512	8.51840695264499E-22	8.518048643910687E-22	1.7036455596555676E-21	1.7785148689874549E-22
30.000000123263728	8.518414768632054E-22	8.518384941124899E-22	1.7036799709756952E-21	1.778585085726156E-22
30.100000124432338	8.518422584625804E-22	8.518746576967385E-22	1.703716916159319E-21	1.7786605930107358E-22
30.17345842529078	8.519264290513272E-22	8.51926420167175E-22	1.703852849218502E-21	1.778768669786504E-22
30.200000125600948	8.520102338498768E-22	8.519695492805759E-22	1.7039797831304525E-21	1.778858720656928E-22
30.300000126769557	8.520110156041408E-22	8.519955762314818E-22	1.7040065918356227E-21	1.7789130632899835E-22
30.400000127938167	8.520117973590813E-22	8.52034718876962E-22	1.7040465162360433E-21	1.77899479066665E-22
30.500000129106777	8.520730429907612E-22	8.52084608822345E-22	1.7041576518131065E-21	1.7790989577281279E-22
30.600000130275387	8.521805552932864E-22	8.521566951260351E-22	1.7043372504193215E-21	1.7792494693867514E-22
30.700000131443996	8.521813372038766E-22	8.521956987468238E-22	1.7043770359507004E-21	1.779330906488624E-22
30.800000132612606	8.521821191151447E-22	8.522225023436136E-22	1.7044046214587583E-21	1.7793868707093345E-22
30.829403232956214	8.522659459856055E-22	8.52265937098677E-22	1.7045318830842822E-21	1.7794775597402857E-22
30.900000133781216	8.523500943124516E-22	8.523169672989314E-22	1.7046670616113828E-21	1.7795841075820675E-22
31.000000134949826	8.523508763784666E-22	8.523527159672044E-22	1.704703592345671E-21	1.7796587485482415E-22
31.100000136118435	8.52351658445196E-22	8.523869019467202E-22	1.704738560391916E-21	1.7797301267187843E-22
31.200000137287045	8.525196342697071E-22	8.524815859779482E-22	1.7050012202476555E-21	1.7799278210082097E-22
31.300000138455655	8.525204164912658E-22	8.525127136712464E-22	1.7050331301625124E-21	1.779992813669889E-22
31.400000139624265	8.52521198713718E-22	8.525503849008083E-22	1.7050715836145264E-21	1.7800714688228581E-22
31.485347940621647	8.526054621860328E-22	8.526054541060175E-22	1.7052109162920503E-21	1.7801864498524136E-22
31.500000140792874	8.526891735467185E-22	8.526476470813518E-22	1.7053368206280703E-21	1.7802745461255575E-22
31.600000141961484	8.526899559238612E-22	8.526701983908943E-22	1.7053601543147553E-21	1.7803216318385104E-22
31.700000143130094	8.526907383017336E-22	8.52709533647839E-22	1.7054002719495727E-21	1.7804037613757744E-22
31.800000144298703	8.526915206803272E-22	8.527329023871126E-22	1.70542442306744E-21	1.7804525538304845E-22
31.900000145467313	8.528594978988406E-22	8.528318895128435E-22	1.705691387411684E-21	1.7806592327100145E-22
32.00000014663592	8.528602804323093E-22	8.5287008686488E-22	1.705730367297189E-21	1.7807389863735505E-22
32.10000014780453	8.528610629664385E-22	8.528999537359818E-22	1.7057610167024203E-21	1.7808013465179513E-22
32.14129274828708	8.52944984077433E-22	8.529449759947248E-22	1.705889960072158E-21	1.7808953501565276E-22
32.20000014897314	8.53029039183611E-22	8.529932244697572E-22	1.7060222636533682E-21	1.7809960899313732E-22
32.30000015014175	8.530298218727067E-22	8.530268999202546E-22	1.7060567217929615E-21	1.7810664021495033E-22
32.40000015131036	8.530306045623936E-22	8.530630575857549E-22	1.7060936621481486E-21	1.78114189707611E-22
32.50000015247897	8.531985813871956E-22	8.531588077762975E-22	1.7063573891634934E-21	1.7813418174389857E-22
32.60000015364758	8.531993642317056E-22	8.531870407690901E-22	1.7063864050007958E-21	1.7814007661484575E-22
32.70000015481619	8.532001470769995E-22	8.532257425084878E-22	1.7064258895854874E-21	1.7814815729410128E-22
32.79723745595251	8.532845051555047E-22	8.532844978800967E-22	1.7065690030356014E-21	1.7816042504536778E-22
32.8000001559848	8.53329227190608E-22	8.53306853228733E-22	1.706636080419341E-21	1.7816509270126096E-22
32.90000015715341	8.53368907504978E-22	8.533450876195473E-22	1.7067139951245253E-21	1.7817307580107787E-22
33.00000015832202	8.533696905058645E-22	8.533841166367697E-22	1.7067538071426342E-21	1.7818122481388044E-22
33.10000015949063	8.533704735074973E-22	8.534108907629693E-22	1.7067813642704668E-21	1.7818681508267798E-22
33.200000160659236	8.535384500730167E-22	8.535074521379637E-22	1.7070459022109804E-21	1.7820697648916636E-22
33.300000161827846	8.535392332294818E-22	8.535443570549793E-22	1.7070835902844613E-21	1.7821468200323355E-22
33.400000162996456	8.535400163866504E-22	8.535769093414956E-22	1.707116925728146E-21	1.7822147871548645E-22
33.45318226361795	8.536240302330916E-22	8.536240221467815E-22	1.7072480523798733E-21	1.7823131557228586E-22
33.500000164165066	8.53707993545394E-22	8.536699539181411E-22	1.707377947463535E-21	1.7824090583664536E-22
33.600000165333675	8.537087768573394E-22	8.537011312186772E-22	1.7074099080760166E-21	1.782474154604919E-22
33.700000166502285	8.537095601700928E-22	8.53738803480109E-22	1.707448363650202E-21	1.7825528119123678E-22
33.800000167670895	8.53877536302187E-22	8.53836554941775E-22	1.707714091243962E-21	1.782756910803212E-22
33.900000168839505	8.538783197697791E-22	8.538615360545406E-22	1.70773985582432E-21	1.7828090697921485E-22
34.000000170008114	8.538791032380508E-22	8.539007748733905E-22	1.7077798781114413E-21	1.782890997972749E-22
34.100000171176724	8.53879886707027E-22	8.539216037810864E-22	1.7078014904881134E-21	1.782934487419206E-22
34.10912697128338	8.53963554417255E-22	8.539635463301013E-22	1.7079271007473563E-21	1.783022060817979E-22
34.200000172345334	8.540478635764695E-22	8.540202895507207E-22	1.7080681531271903E-21	1.7831405370862003E-22
34.30000017351394	8.540486472003115E-22	8.540585174492559E-22	1.7081071646495676E-21	1.7832203545289E-22
34.40000017468255	8.540494308249162E-22	8.540883606551032E-22	1.7081377914800196E-21	1.7832826652617416E-22
34.50000017585116	8.542174098880254E-22	8.54183423368406E-22	1.7084008332564314E-21	1.783481150215471E-22
34.60000017701977	8.542181936673344E-22	8.542185685751514E-22	1.7084367622424856E-21	1.7835545311920107E-22
34.70000017818838	8.542189774474205E-22	8.542533953318672E-22	1.7084723727792875E-21	1.7836272472649598E-22
34.765071678948814	8.543030841327886E-22	8.543030768537022E-22	1.7086061609864908E-21	1.7837309791512065E-22
34.80000017935699	8.54386955469131E-22	8.543471845844972E-22	1.7087341400536282E-21	1.783823073313069E-22
34.9000001805256	8.543877394041131E-22	8.543754692721973E-22	1.7087632086763104E-21	1.7838821299582491E-22
35.00000018169421	8.543885233398561E-22	8.54414177402337E-22	1.7088027007421933E-21	1.7839629500942712E-22
35.10000018286282	8.54556501930494E-22	8.545148413631784E-22	1.7090713432936723E-21	1.7841731300998243E-22
35.20000018403143	8.54557286021164E-22	8.545362584663652E-22	1.7090935444875293E-21	1.784217847661393E-22
35.30000018520004	8.54558070112438E-22	8.545755383929403E-22	1.7091336085053783E-21	1.7842998616723328E-22
35.40000018636865	8.54558854204448E-22	8.545999791376373E-22	1.7091588333420852E-21	1.7843508924068E-22
35.42101648661425	8.546426161165096E-22	8.546426088348934E-22	1.709285224951403E-21	1.784439900527791E-22
35.50000018753726	8.547268318975796E-22	8.546958621471803E-22	1.70942269404476E-21	1.7845510900873772E-22
35.60000018870587	8.547276161444254E-22	8.547328022743921E-22	1.7094604184188175E-21	1.7846282187447199E-22
35.70000018987448	8.547284003919466E-22	8.547653368438011E-22	1.7094937372357477E-21	1.7846961488750456E-22
35.80000019104309	8.548963786440945E-22	8.54859843779455E-22	1.7097562224235495E-21	1.7848934734000738E-22
35.9000001922117	8.548971630464153E-22	8.548927840777496E-22	1.709789947124165E-21	1.7849622506667402E-22
36.00000019338031	8.54897947449586E-22	8.549294443186464E-22	1.7098273917682326E-21	1.7850387949390983E-22
36.07696119427968	8.549821470870008E-22	8.549821406136379E-22	1.7099642877006385E-21	1.785148821481679E-22
36.10000019454892	8.550659246399884E-22	8.550249386870458E-22	1.710090863327034E-21	1.7852381811614627E-22
36.20000019571753	8.550667091979168E-22	8.55049973963281E-22	1.710116683161198E-21	1.7852904532403095E-22
36.30000019688614	8.550674937565284E-22	8.550892257615695E-22	1.710156719518098E-21	1.7853724085211594E-22
36.40000019805475	8.550720118749341E-22	8.551118831347935E-22	1.7101838950097274E-21	1.7854197156883944E-22
36.50000019922336	8.552362562096176E-22	8.552112574820596E-22	1.710447513691677E-21	1.785627203062084E-22
36.60000020039197	8.552370409239285E-22	8.55250079050381E-22	1.7104871199743092E-21	1.7857082600498795E-22
36.70000020156058	8.552378256389486E-22	8.552778248303583E-22	1.710515650469307E-21	1.785766191489701E-22
36.73290600194512	8.553216818621836E-22	8.553216745774892E-22	1.710643356439673E-21	1.785857746997933E-22
36.80000020272919	8.554058056934777E-22	8.553718404301074E-22	1.710777646123585E-21	1.7859624901363284E-22
36.9000002038978	8.554065905633148E-22	8.554070256822438E-22	1.7108136162455586E-21	1.7860359547251207E-22
37.00000020506641	8.554073754338398E-22	8.55441841335321E-22	1.710849216769161E-21	1.7861086476143724E-22
37.100000206235016	8.555753544117541E-22	8.55536745220056E-22	1.71111209963181E-21	1.7863068009440633E-22
37.200000207403626	8.555761394371979E-22	8.555670634158994E-22	1.711143202853097E-21	1.786370103426078E-22
37.300000208572236	8.555769244632798E-22	8.556050916748272E-22	1.711182016138107E-21	1.786449504033861E-22
37.38885070961055	8.556612187777009E-22	8.556612114924546E-22	1.7113224302701553E-21	1.786566678675927E-22
37.400000209740845	8.557449039761164E-22	8.557032317194395E-22	1.711448135695556E-21	1.7866544142614053E-22
37.500000210909455	8.557456891570833E-22	8.557247047568364E-22	1.7114703939139197E-21	1.7866992486100798E-22
37.600000212078065	8.55746474338746E-22	8.557640039581665E-22	1.7115104782969127E-21	1.7867813028654932E-22
37.700000213246675	8.557472595211795E-22	8.557884118705118E-22	1.711535671391691E-21	1.7868322650480795E-22
37.800000214415284	8.559152381013366E-22	8.558865931169496E-22	1.7118018312182863E-21	1.7870372613024392E-22
37.900000215583894	8.559160234385657E-22	8.55924462114473E-22	1.7118404855530388E-21	1.7871163293824468E-22
38.000000216752504	8.559168087764878E-22	8.559551625331719E-22	1.7118719713096597E-21	1.787180429921693E-22
38.044795517275986	8.560007578038598E-22	8.560007497065087E-22	1.7120015075103687E-21	1.787275613066336E-22
38.100000217921114	8.560847878816196E-22	8.560482671880262E-22	1.7121330550696456E-21	1.7873748265727959E-22
38.20000021908972	8.560855733744374E-22	8.560812517478313E-22	1.712166825122269E-21	1.7874436962547064E-22
38.30000022025833	8.560863588680027E-22	8.561179075384855E-22	1.7122042664064882E-21	1.7875202312352377E-22
38.40000022142694	8.56254338493375E-22	8.562141551927244E-22	1.7124684936860996E-21	1.7877211902709572E-22
38.50000022259555	8.56255124141769E-22	8.562414687371569E-22	1.712496592878926E-21	1.7877782192302042E-22
38.60000022376416	8.56255909790994E-22	8.562803825056084E-22	1.7125362922966026E-21	1.7878594687260603E-22
38.70000022493277	8.563282960788349E-22	8.563342921049175E-22	1.7126625881837524E-21	1.7879720285715844E-22
38.70074022494142	8.56340298892049E-22	8.563402907940093E-22	1.7126805896860582E-21	1.7879845534563204E-22
38.80000022610138	8.564246757358322E-22	8.563997143239691E-22	1.7128243900598016E-21	1.788108626041509E-22
38.90000022726999	8.56425461540406E-22	8.564385610977713E-22	1.712864022638177E-21	1.7881897356567594E-22
39.0000002284386	8.564262473456662E-22	8.564662798979744E-22	1.7128925272436407E-21	1.7882476107645131E-22
39.10000022960721	8.565942281514687E-22	8.565623069502987E-22	1.7131565351017673E-21	1.7884481091973392E-22
39.20000023077582	8.56595014111701E-22	8.565987443993414E-22	1.7131937585110424E-21	1.7885241882943475E-22
39.30000023194443	8.565958000726471E-22	8.566320130210098E-22	1.713227813093657E-21	1.7885936510795248E-22
39.356685032606855	8.566798436300982E-22	8.566798355295405E-22	1.7133596791596387E-21	1.7886935014631626E-22
39.40000023311304	8.567637797666224E-22	8.567251775926993E-22	1.7134889573593214E-21	1.7887881728332022E-22
39.50000023428165	8.567645658823588E-22	8.567555435802919E-22	1.713520109462651E-21	1.7888515751013774E-22
39.60000023545026	8.567653519988567E-22	8.567935739968164E-22	1.713558925995673E-21	1.7889309802140861E-22
39.70000023661887	8.569333321936961E-22	8.568920945842792E-22	1.713825426777975E-21	1.7891366849911176E-22
39.80000023778748	8.569341184650808E-22	8.569160603091889E-22	1.7138501787742695E-21	1.7891867239142086E-22
39.90000023895609	8.569349047371226E-22	8.569553663701776E-22	1.7138902711073004E-21	1.7892687924921567E-22
40.0000002401247	8.569356910098928E-22	8.569772904111062E-22	1.7139129814209988E-21	1.7893145685077792E-22
40.01262974027229	8.570193871166864E-22	8.570193798251205E-22	1.714038766941807E-21	1.7894024485514146E-22
40.10000024129331	8.571036718549909E-22	8.570750573649389E-22	1.7141787292199296E-21	1.7895186997452918E-22
40.20000024246192	8.57104458282569E-22	8.571129577627348E-22	1.714217416045304E-21	1.78959783338709E-22
40.30000024363053	8.57105244710842E-22	8.571436379289817E-22	1.714248882639824E-21	1.7896618916404927E-22
40.40000024479914	8.572732244291412E-22	8.572384411798475E-22	1.7145116656089888E-21	1.7898598348530073E-22
40.50000024596775	8.572740110123612E-22	8.57272984534958E-22	1.714546995547319E-21	1.7899319592012671E-22
40.60000024713636	8.572747975962488E-22	8.573083999092306E-22	1.7145831975054794E-21	1.7900059042705753E-22
40.66857444793772	8.573589325521688E-22	8.573589252598426E-22	1.7147178578120112E-21	1.7901113980181235E-22
40.70000024830497	8.574427778007683E-22	8.574025936399482E-22	1.7148453714407163E-21	1.7902025748434376E-22
40.80000024947358	8.574435645394346E-22	8.574299583243395E-22	1.714873522863774E-21	1.7902597105796955E-22
40.90000025064219	8.574443512788666E-22	8.574688814463713E-22	1.714913232725238E-21	1.7903409796052378E-22
41.000000251810796	8.57584746151815E-22	8.575567870711562E-22	1.7151415332229714E-21	1.7905245210092413E-22
41.100000252979406	8.576131204778725E-22	8.575908934398719E-22	1.715204013917744E-21	1.7905957329574517E-22
41.200000254148016	8.576139073729146E-22	8.576300927689034E-22	1.7152440001418182E-21	1.7906775786858E-22
41.300000255316625	8.576146942688307E-22	8.576555427200695E-22	1.7152702369889002E-21	1.7907307165797661E-22
41.32451925560316	8.57698484758199E-22	8.576984774634186E-22	1.7153969622216177E-21	1.7908203616177727E-22
41.400000256485235	8.577826755859088E-22	8.57750778893632E-22	1.7155334544795406E-21	1.7909295637075851E-22
41.500000257653845	8.577834626365672E-22	8.57787251995254E-22	1.715570714631821E-21	1.791005717244932E-22
41.600000258822455	8.577842496879625E-22	8.57820506088778E-22	1.7156047557767406E-21	1.791075149696259E-22
41.700000259991064	8.579522314770198E-22	8.579150353978298E-22	1.71586726687485E-21	1.7912725209355325E-22
41.800000261159674	8.579530186832745E-22	8.579472485862768E-22	1.715900267269551E-21	1.7913397800426656E-22
41.900000262328284	8.579538058903104E-22	8.57984363473208E-22	1.7159381693635183E-21	1.7914172735872875E-22
41.98046396326859	8.580380355945677E-22	8.580380291096162E-22	1.716076064704184E-21	1.7915293240536508E-22
42.000000263496894	8.581217865274913E-22	8.580805426760918E-22	1.716202329203583E-21	1.7916180897008917E-22
42.1000002646655	8.581225738893657E-22	8.581045606686764E-22	1.716227134558042E-21	1.791668237755594E-22
42.20000026583411	8.581233612518277E-22	8.58143880825197E-22	1.7162672420770246E-21	1.7917503357641237E-22
42.30000026700272	8.581241486149799E-22	8.581657697417498E-22	1.71628991835673E-21	1.7917960384422637E-22
42.40000026817133	8.582921298684363E-22	8.582660218341848E-22	1.716558151702621E-21	1.792005358492543E-22
42.50000026933994	8.58292917386646E-22	8.583046167886972E-22	1.716597534175343E-21	1.7920859423249886E-22
42.60000027050855	8.58293704905543E-22	8.583332731943605E-22	1.7166269780999036E-21	1.7921457750938479E-22
42.636408770934025	8.583775882679794E-22	8.583775817803691E-22	1.7167551700483487E-21	1.7922382886287361E-22
42.70000027167716	8.584616866163826E-22	8.584269211252828E-22	1.7168886077416654E-21	1.7923413060711382E-22
42.80000027284577	8.584624742900791E-22	8.584615045256903E-22	1.7169239788157694E-21	1.7924135140314536E-22
42.90000027401438	8.584632619645679E-22	8.584969117679348E-22	1.7169601737325027E-21	1.7924874421216002E-22
43.00000027518299	8.586312441278982E-22	8.585921177447182E-22	1.7172233618726162E-21	1.7926862262004476E-22
43.1000002763516	8.586320319572107E-22	8.586215929517318E-22	1.7172536249089423E-21	1.7927477685749178E-22
43.20000027752021	8.586328197871145E-22	8.586599360692948E-22	1.7172927558564095E-21	1.7928278265876855E-22
43.29235347859946	8.587171443494906E-22	8.587171378613545E-22	1.717434282210845E-21	1.7929472603241716E-22
43.30000027868882	8.588008023984212E-22	8.587590317538903E-22	1.7175598341523115E-21	1.793034732131283E-22
43.40000027985743	8.588015903832474E-22	8.587794030131852E-22	1.7175809933964327E-21	1.7930772660367242E-22
43.50000028102604	8.588023783687614E-22	8.58818622352335E-22	1.7176210007210964E-21	1.7931591535449382E-22
43.60000028219465	8.588031663550603E-22	8.58844042543756E-22	1.717647208898816E-21	1.7932122293024323E-22
43.70000028336326	8.589711495635065E-22	8.589414987057498E-22	1.7179126482692565E-21	1.7934157116261735E-22
43.80000028453187	8.58971937704551E-22	8.589789994739272E-22	1.7179509371784782E-21	1.7934940108665161E-22
43.90000028570048	8.589727258464402E-22	8.590105013383688E-22	1.717983227184809E-21	1.7935597847739593E-22
43.948298286264894	8.59056703810408E-22	8.59056697319904E-22	1.718113401130312E-21	1.793656239071748E-22
44.00000028686909	8.591407078733098E-22	8.591035241555502E-22	1.71824423202886E-21	1.793754010553159E-22
44.1000002880377	8.591414961700488E-22	8.591357799571637E-22	1.7182772761272124E-21	1.7938213586338977E-22
44.20000028920631	8.591422844674508E-22	8.591728916829182E-22	1.7183151761503693E-21	1.793898845578182E-22
44.30000029037492	8.593102669273957E-22	8.592697170997208E-22	1.7185799840271167E-21	1.7941010109457187E-22
44.40000029154353	8.593110553797137E-22	8.592960826331138E-22	1.7186071380128275E-21	1.794156060517667E-22
44.50000029271214	8.593118438328548E-22	8.593351674650015E-22	1.718647011297856E-21	1.7942376671831962E-22
44.60000029388075	8.593273618585797E-22	8.593618027388627E-22	1.7186891645974426E-21	1.7942932799562405E-22
44.60424299393033	8.593962633630217E-22	8.593962568717446E-22	1.7187925202347664E-21	1.7943652180141105E-22
44.70000029504936	8.594806153291722E-22	8.594545417552664E-22	1.7189351570844387E-21	1.7944869131773038E-22
44.800000296217966	8.594814039378436E-22	8.594931615228426E-22	1.718974565460686E-21	1.7945675488178625E-22
44.900000297386576	8.594821925472001E-22	8.595217933153745E-22	1.7190039858625747E-21	1.7946273301960542E-22
45.000000298555186	8.596501760134594E-22	8.596173664117396E-22	1.719267542425199E-21	1.794826880797449E-22
45.100000299723796	8.596509647775657E-22	8.596532973583424E-22	1.7193042621359083E-21	1.7949019023492875E-22
45.200000300892405	8.596517535424846E-22	8.596872468221207E-22	1.7193390003646053E-21	1.7949727866898773E-22
45.26018780159576	8.597358262176849E-22	8.597358197239735E-22	1.7194716459416583E-21	1.7950742038474758E-22
45.300000302061015	8.598197374276949E-22	8.597806166307572E-22	1.719600354058452E-21	1.795167736965365E-22
45.400000303229625	8.598205263474123E-22	8.598101376855399E-22	1.719630664032952E-21	1.7952293750670878E-22
45.500000304398235	8.598213152679248E-22	8.59848483884385E-22	1.7196697991523097E-21	1.7953094395133778E-22
45.600000305566844	8.599892979466224E-22	8.599478507901367E-22	1.719937148736759E-21	1.795516911349655E-22
45.700000306735454	8.599900870219297E-22	8.599707748318659E-22	1.7199608618537954E-21	1.7955647753039208E-22
45.800000307904064	8.599908760979293E-22	8.600101045046536E-22	1.7200009806025827E-21	1.7956468931818167E-22
45.900000309072674	8.599916651748163E-22	8.600330997771386E-22	1.720024764951955E-21	1.7956949058614113E-22
45.916132509261196	8.60075389085169E-22	8.600753825908372E-22	1.720150771676006E-21	1.795783189711398E-22
46.00000031024128	8.601596484167167E-22	8.60130026042309E-22	1.7202896744590256E-21	1.7958972817939842E-22
46.10000031140989	8.601604376483721E-22	8.601675567363418E-22	1.7203279943847137E-21	1.7959756435176264E-22
46.2000003125785	8.601612268806813E-22	8.601990398345719E-22	1.720360266715253E-21	1.7960413782424029E-22
46.30000031374711	8.603292105269634E-22	8.602936678886976E-22	1.720622878415661E-21	1.7962389556551666E-22
46.40000031491572	8.603299999140671E-22	8.603275730840261E-22	1.7206575729980932E-21	1.796309747566024E-22
46.50000031608433	8.603307893020516E-22	8.603635398905968E-22	1.720694329192648E-21	1.7963848439912148E-22
46.57207731692663	8.604149567983278E-22	8.60414949490189E-22	1.720829906288517E-21	1.7964921839949007E-22
46.60000031725294	8.60498773347931E-22	8.604582223951424E-22	1.7209569957430734E-21	1.796582535093023E-22
46.70000031842155	8.604995628907985E-22	8.604846363362648E-22	1.7209841992270635E-21	1.7966376857372594E-22
46.80000031959016	8.605003524343253E-22	8.60523730335904E-22	1.7210240827702293E-21	1.7967193115444754E-22
46.90000032075877	8.605839410137865E-22	8.60584348558715E-22	1.7211682895725016E-21	1.7968458785730378E-22
47.00000032192738	8.606691265735094E-22	8.606457247686246E-22	1.721314851342134E-21	1.7969740282308875E-22
47.10000032309599	8.606699162726476E-22	8.606848007302988E-22	1.7213547170029464E-21	1.7970556163759692E-22
47.2000003242646	8.606707059724E-22	8.60711232454585E-22	1.7213819384269852E-21	1.797110804150331E-22
47.228022024592065	8.607545244466685E-22	8.607545179494503E-22	1.721509042396119E-21	1.7972011815353962E-22
47.30000032543321	8.608386909573487E-22	8.608059035982503E-22	1.721644594555599E-21	1.7973084715313375E-22
47.40000032660182	8.60839480812148E-22	8.60841869086228E-22	1.721681349898376E-21	1.7973835652033893E-22
47.50000032777043	8.608402706675218E-22	8.608758057801105E-22	1.721716076447632E-21	1.7974544228812418E-22
47.60000032893904	8.610082544161586E-22	8.609704392610933E-22	1.7219786936772518E-21	1.7976520116249411E-22
47.70000033010765	8.61009044426462E-22	8.610018897471541E-22	1.722010934173616E-21	1.7977176782575636E-22
47.80000033127626	8.610098344375016E-22	8.610394181268094E-22	1.722049252564311E-21	1.7977960351489318E-22
47.8839667322575	8.610940936165767E-22	8.610940871186858E-22	1.7221881807352625E-21	1.797910180558273E-22
47.90000033244487	8.611778185663565E-22	8.611363629217292E-22	1.7223141814880857E-21	1.7979984497704528E-22
48.00000033361348	8.611786087321656E-22	8.611593376517923E-22	1.7223379463839577E-21	1.7980464195587655E-22
48.10000033478209	8.611793988986894E-22	8.61198683090444E-22	1.722378081989133E-21	1.7981285703547918E-22
48.2000003359507	8.61180189066018E-22	8.612216467396688E-22	1.722401835805687E-21	1.798176517007012E-22
48.30000033711931	8.613481737244623E-22	8.613209859670097E-22	1.722669159691472E-21	1.798383931052512E-22
48.40000033828792	8.613489640465308E-22	8.613593114843934E-22	1.7227082755309242E-21	1.7984639523172144E-22
48.50000033945653	8.613497543693963E-22	8.613888469395628E-22	1.722738601308959E-21	1.798525620486037E-22
48.53991153992293	8.614336675174824E-22	8.614336602052641E-22	1.7228673277227464E-21	1.7986191877603148E-22
48.60000034062514	8.615177393985661E-22	8.614822118920697E-22	1.7229999512906358E-21	1.7987205606222315E-22
48.700000341793746	8.615185298762386E-22	8.615161563272144E-22	1.7230346862034528E-21	1.7987914344633523E-22
48.800000342962356	8.615193203547293E-22	8.615521171117836E-22	1.723071437466513E-21	1.7988665183149831E-22
48.900000344130966	8.616873057499236E-22	8.616477072534744E-22	1.7233350130033983E-21	1.7990661045059442E-22
49.000000345299576	8.616880963832449E-22	8.616763064243953E-22	1.72336440280764E-21	1.7991258177722683E-22
49.100000346468185	8.616888870173049E-22	8.617149211333623E-22	1.723403808150667E-21	1.7992064428507696E-22
49.19585624758837	8.617732412361103E-22	8.617732347352927E-22	1.7235464759714032E-21	1.79932819797619E-22
49.200000347636795	8.618406388930293E-22	8.618069347170489E-22	1.7236475736100782E-21	1.799398561414042E-22
49.300000348805405	8.618576619401993E-22	8.61834296446835E-22	1.723691958387034E-21	1.799455690981271E-22
49.400000349974015	8.618584527298089E-22	8.618733929604553E-22	1.7237318456902644E-21	1.799537322037521E-22
49.500000351142624	8.618592435202157E-22	8.618997978578845E-22	1.7237590413781002E-21	1.799592453799096E-22
49.600000352311234	8.62027228164457E-22	8.619966061646786E-22	1.7240238343291358E-21	1.7997945834420132E-22
49.700000353479844	8.620280191097412E-22	8.620336956961101E-22	1.7240617148058513E-21	1.79987202404595E-22
49.80000035464845	8.62028810055739E-22	8.620659630294965E-22	1.7240947730852356E-21	1.7999393962043036E-22
49.8518010552538	8.621128179874838E-22	8.621128106720051E-22	1.724225628659489E-21	1.8000372111291318E-22
49.90000035581706	8.62196796674191E-22	8.621589893739309E-22	1.7243557860481217E-21	1.8001336293481853E-22
50.00000035698567	8.621975877750186E-22	8.621904831041659E-22	1.7243880708791846E-21	1.8001993862719178E-22
50.10000035815428	8.621983788766178E-22	8.622280122460967E-22	1.7244263911227143E-21	1.8002777447548692E-22
50.20000035932289	8.623663642189572E-22	8.623254961627793E-22	1.7246918603817365E-21	1.800481285028651E-22
50.3000003604915	8.62367155475398E-22	8.623508832561525E-22	1.7247180387315507E-21	1.8005342916795078E-22
50.40000036166011	8.62367946732466E-22	8.623900935426977E-22	1.7247580402751637E-21	1.8006161602864545E-22
50.50000036282872	8.623687379902308E-22	8.624104902592734E-22	1.7247792282495043E-21	1.8006587473450926E-22
50.507745762919235	8.624523961007656E-22	8.624523887844675E-22	1.7249047848852332E-21	1.8007462288249027E-22
50.60000036399733	8.625367238287979E-22	8.625095657839693E-22	1.725046289612767E-21	1.8008656107960904E-22
50.70000036516594	8.625375152415185E-22	8.625479184630109E-22	1.7250854337045294E-21	1.8009456887726227E-22
50.80000036633455	8.625383066548873E-22	8.625774336920204E-22	1.7251157403469077E-21	1.8010073147104984E-22
50.90000036750316	8.627062928305521E-22	8.626726339270911E-22	1.725378926757643E-21	1.8012060868010112E-22
51.00000036867177	8.627070843988781E-22	8.627080165401333E-22	1.7254151009390114E-21	1.801279963466936E-22
51.10000036984038	8.62707875967797E-22	8.627426073361844E-22	1.7254504833039813E-21	1.8013521868688894E-22
51.16369057058467	8.6279197717003E-22	8.62791969851103E-22	1.725583947021133E-21	1.8014552526888014E-22
51.20000037100899	8.628758608525139E-22	8.628362644261618E-22	1.725712125278676E-21	1.8015477369697098E-22
51.3000003721776	8.628766525763721E-22	8.628649090109998E-22	1.7257415615873717E-21	1.8016075450574299E-22
51.40000037334621	8.628774443009625E-22	8.629035297228842E-22	1.725780974023847E-21	1.8016881826696448E-22
51.50000037451482	8.63045431136629E-22	8.630038213748378E-22	1.7260492525114667E-21	1.8018975853177057E-22
51.60000037568343	8.630462230161212E-22	8.630256786422834E-22	1.7260719016584046E-21	1.801943221914505E-22
51.70000037685204	8.630470148964439E-22	8.630649882739391E-22	1.726112003170383E-21	1.80202529794778E-22
51.80000037802065	8.630478067773287E-22	8.630890296461906E-22	1.7261368364235195E-21	1.8020754948177529E-22
51.819635278250104	8.631315595244182E-22	8.631315530175133E-22	1.7262631125419313E-21	1.8021642809368967E-22
51.90000037918926	8.632157940901E-22	8.631851964076E-22	1.7264009904976997E-21	1.8022762849543426E-22
52.00000038035787	8.632165861259671E-22	8.6322231704786E-22	1.7264389031738274E-21	1.802353790511553E-22
52.10000038152648	8.632173781624948E-22	8.63254569332323E-22	1.7264719474948177E-21	1.8024211312487033E-22
52.20000038269509	8.633853641693026E-22	8.633491037824682E-22	1.7267344679517705E-21	1.8026185132222554E-22
52.3000003838637	8.633861563606447E-22	8.633823320287279E-22	1.7267684883893726E-21	1.8026878917061237E-22
52.40000038503231	8.633869485527704E-22	8.634188090565828E-22	1.7268057576093534E-21	1.8027640534411976E-22
52.47558008591554	8.63471144758058E-22	8.634711374356463E-22	1.726942282193704E-21	1.8028733117985105E-22
52.50000038620092	8.635549348727705E-22	8.63514061688155E-22	1.7270689965609257E-21	1.8029629349323039E-22
52.600000387369526	8.635557272197268E-22	8.63539496770765E-22	1.727095223990492E-21	1.803016041781662E-22
52.700000388538136	8.635565195673623E-22	8.635787195628413E-22	1.7271352391302036E-21	1.803097936499369E-22
52.800000389706746	8.635831042870907E-22	8.636119764853675E-22	1.7271950807724582E-21	1.8031673748574744E-22
52.900000390875356	8.637253003224908E-22	8.637007502392895E-22	1.7274260505617803E-21	1.8033527288603994E-22
53.000000392043965	8.637260928258259E-22	8.637396594670164E-22	1.7274657522928425E-21	1.803433968875509E-22
53.100000393212575	8.63726885329723E-22	8.6376704393572E-22	1.727493929265443E-21	1.8034911459201638E-22
53.13152479358097	8.638107328234008E-22	8.638107263136224E-22	1.727621459137023E-21	1.8035823519719955E-22
53.200000394381185	8.638948724159003E-22	8.638612316943053E-22	1.7277561041102056E-21	1.8036878040235901E-22
53.300000395549795	8.638956650747651E-22	8.63896649570164E-22	1.7277923146449292E-21	1.8037617543160527E-22
53.400000396718404	8.638964577343917E-22	8.639312311545501E-22	1.7278276888889416E-21	1.8038339584846305E-22
53.500000397887014	8.64064445119544E-22	8.640260522306831E-22	1.7280904973502272E-21	1.8040319389151796E-22
53.600000399055624	8.640652379339603E-22	8.640567064495246E-22	1.728121944383485E-21	1.8040959429920355E-22
53.70000040022423	8.64066030749115E-22	8.640946081503209E-22	1.728160638899436E-21	1.804175079354416E-22
53.78746960124641	8.641503220675216E-22	8.641503155554956E-22	1.728300637623017E-21	1.8042913929052747E-22
53.80000040139284	8.64234018428233E-22	8.64192398939653E-22	1.7284264173678863E-21	1.804379260358949E-22
53.90000040256145	8.642348113982723E-22	8.642143047331795E-22	1.728449116131452E-21	1.804424998275146E-22
54.00000040373006	8.642356043690539E-22	8.642536308574225E-22	1.7284892352264762E-21	1.8045071087439045E-22
54.10000040489867	8.642363973405666E-22	8.642776436049248E-22	1.7285140409454914E-21	1.804557245847205E-22
54.20000040606728	8.64404383838303E-22	8.643761466218225E-22	1.7287805304601253E-21	1.8047629139380043E-22
54.30000040723589	8.644051769647211E-22	8.644141609155605E-22	1.7288193378802816E-21	1.804842285387351E-22
54.4000004084045	8.644059700917744E-22	8.6444454342225E-22	1.7288505135140242E-21	1.804905722146359E-22
54.44341430891184	8.644899124420733E-22	8.644899051161625E-22	1.7289798175582356E-21	1.8050004345041753E-22
54.50000040957311	8.645739584988702E-22	8.645377093668386E-22	1.7291116678657086E-21	1.8051002467665635E-22
54.60000041074172	8.645747517808633E-22	8.645709771204178E-22	1.729145728901281E-21	1.805169707739225E-22
54.70000041191033	8.645755450635199E-22	8.646074514598371E-22	1.729182996523357E-21	1.8052458638610151E-22
54.80000041307894	8.647435337504824E-22	8.647035072230105E-22	1.7294470409734927E-21	1.805446422240284E-22
54.90000041424755	8.647443271879838E-22	8.647311993999908E-22	1.7294755265879746E-21	1.8055042417604267E-22
55.00000041541616	8.647451206262729E-22	8.647700435935281E-22	1.7295151642198012E-21	1.8055853459882466E-22
55.099359016577274	8.64829505537886E-22	8.648294990249616E-22	1.7296590045628475E-21	1.8057094851817017E-22
55.10000041658477	8.648399606336687E-22	8.64834724162731E-22	1.7296746847963997E-21	1.805720394940032E-22
55.20000041775338	8.649139015561043E-22	8.64889384076025E-22	1.7298032856321292E-21	1.8058345213938657E-22
55.30000041892199	8.649146951499735E-22	8.649283149445986E-22	1.729843010094572E-21	1.8059158065936985E-22
55.4000004200906	8.649154887445446E-22	8.649556759006692E-22	1.729871164645214E-21	1.8059729345454578E-22
55.50000042125921	8.650834765055183E-22	8.650519174542423E-22	1.7301353939597607E-21	1.8061738808433715E-22
55.60000042242782	8.6508427025507E-22	8.650885553413794E-22	1.7301728255964492E-21	1.8062503784424877E-22
55.70000042359643	8.650850640051813E-22	8.65121553102425E-22	1.7302066171076064E-21	1.8063192756877565E-22
55.75530382424271	8.651691013221833E-22	8.651690939931808E-22	1.7303381953153643E-21	1.8064185380712307E-22
55.80000042476504	8.652530536570973E-22	8.652146664752671E-22	1.7304677201323644E-21	1.806513690541468E-22
55.90000042593365	8.652538475620494E-22	8.652453625879362E-22	1.7304992101499854E-21	1.8065777820899957E-22
56.00000042710226	8.652546414677804E-22	8.652832666723491E-22	1.7305379081401294E-21	1.8066569234292172E-22
56.10000042827087	8.654226313806944E-22	8.653814889980538E-22	1.7308041203787484E-21	1.806862005454497E-22
56.20000042943948	8.654234254412972E-22	8.65405871207624E-22	1.730829296648921E-21	1.8069129139713086E-22
56.30000043060809	8.654242195026422E-22	8.654451656742533E-22	1.7308693851768956E-21	1.8069949583409657E-22
56.4000004317767	8.654250135647648E-22	8.65466666507754E-22	1.730891680072519E-21	1.8070398507261525E-22
56.41124853190814	8.655086997471468E-22	8.655086932314625E-22	1.7310173929786093E-21	1.8071275998763807E-22
56.500000432945306	8.655930022619354E-22	8.65564791648682E-22	1.731157793910617E-21	1.8072447298357438E-22
56.600000434113916	8.655937964789264E-22	8.656028330548493E-22	1.7311966295337756E-21	1.8073241578941336E-22
56.700000435282526	8.655945906965466E-22	8.65633197969471E-22	1.7312277886660176E-21	1.807387557922013E-22
56.800000436451135	8.65762579644797E-22	8.657281075873976E-22	1.7314906872321945E-21	1.8075857232222465E-22
56.900000437619745	8.657633740173352E-22	8.657629046939359E-22	1.731526278711271E-21	1.8076583773874943E-22
57.000000438788355	8.657641683906319E-22	8.65798100520164E-22	1.731562268910796E-21	1.8077318640543233E-22
57.06719333957358	8.658482991582536E-22	8.658482926399524E-22	1.731696591798206E-21	1.8078366620369148E-22
57.100000439956965	8.659321575850756E-22	8.658921305553112E-22	1.7318242881403868E-21	1.8079281928411522E-22
57.200000441125574	8.659329521132377E-22	8.659198669858065E-22	1.7318528190990442E-21	1.8079861047598445E-22
57.300000442294184	8.659337466420682E-22	8.659587191927674E-22	1.7318924658348357E-21	1.808067225719188E-22
57.400000443462794	8.66096912771876E-22	8.660575994599571E-22	1.732154512231833E-21	1.8082736814848194E-22
57.500000444631404	8.661025307619974E-22	8.660807774720624E-22	1.73218330823406E-21	1.8083220757132237E-22
57.60000044580001	8.661033254464448E-22	8.661200234375805E-22	1.7322233488840253E-21	1.8084040188156164E-22
57.70000044696862	8.661041201317037E-22	8.66145084578285E-22	1.732249204709989E-21	1.808456344897845E-22
57.72313804723901	8.661879011337219E-22	8.661878946151022E-22	1.732375795748824E-21	1.8085457295564732E-22
57.80000044813723	8.662721099588935E-22	8.662405717576337E-22	1.732512681716527E-21	1.8086557161099248E-22
57.90000044930584	8.66272904798934E-22	8.662772410261403E-22	1.732550145825074E-21	1.8087322792313628E-22
58.00000045047445	8.662736996399068E-22	8.663102267247923E-22	1.732583926364699E-21	1.808801151291114E-22
58.10000045164306	8.66441689699109E-22	8.664047512077478E-22	1.732846440906857E-21	1.808998512453802E-22
58.20000045281167	8.664424846947222E-22	8.664372670142306E-22	1.732879751708953E-21	1.8090664034083204E-22
58.30000045398028	8.664432796911648E-22	8.664742152444972E-22	1.732917494935662E-21	1.8091435489843306E-22
58.379082854904446	8.665275056453312E-22	8.665274991243999E-22	1.733055004769731E-21	1.8092548023671722E-22
58.40000045514889	8.666112683508936E-22	8.665701202140208E-22	1.7331813885649146E-21	1.8093437925159635E-22
58.5000004563175	8.666120635021855E-22	8.66594547935758E-22	1.7332066114379434E-21	1.8093947960593116E-22
58.60000045748611	8.666128586542042E-22	8.666338550670352E-22	1.7332467137212395E-21	1.8094768668719543E-22
58.70000045865472	8.666136538069044E-22	8.666553258853076E-22	1.733268979692212E-21	1.809521696587237E-22
58.80000045982333	8.667816444701346E-22	8.667559734049921E-22	1.7335376178751267E-21	1.8097318422646905E-22
58.90000046099194	8.667824397777736E-22	8.667946734648926E-22	1.733577113242666E-21	1.809812645550561E-22
59.00000046216055	8.667832350860778E-22	8.668229811035537E-22	1.7336062161896315E-21	1.809871750115902E-22
59.03502756256988	8.668671110180406E-22	8.668671053112301E-22	1.7337342163292705E-21	1.8099638786804538E-22
59.10000046332916	8.669512259673219E-22	8.669167695111686E-22	1.7338679954784905E-21	1.8100675743996722E-22
59.20000046449777	8.669520214304043E-22	8.66951601084147E-22	1.733903622514551E-21	1.8101403005286743E-22
59.30000046566638	8.669528168942548E-22	8.669867897712781E-22	1.733939606665533E-21	1.810213772289519E-22
59.40000046683499	8.67120806361083E-22	8.670818799655795E-22	1.7342026863266627E-21	1.810412314621842E-22
59.5000004680036	8.67121601979841E-22	8.671117035148838E-22	1.734233305494725E-21	1.81047458431306E-22
59.60000046917221	8.671223975994732E-22	8.671499357886353E-22	1.7342723333881086E-21	1.810554410890936E-22
59.690972370235315	8.672067188500305E-22	8.672067123261034E-22	1.734413431176134E-21	1.810672956722637E-22
59.70000047034082	8.672903872743974E-22	8.672486504701746E-22	1.734539037744572E-21	1.8107605209241653E-22
59.80000047150943	8.672911830487152E-22	8.672694637577876E-22	1.7345606468065028E-21	1.8108039777568739E-22
59.90000047267804	8.672919788238684E-22	8.67308727494862E-22	1.7346007063187304E-21	1.8108859579651564E-22
60.00000047384665	8.67292774599725E-22	8.67333763354725E-22	1.73462653795445E-21	1.8109382312625812E-22
60.10000047501526	8.674607662598998E-22	8.674315104103595E-22	1.7348922766702593E-21	1.8111423209539102E-22
60.20000047618387	8.674615621905871E-22	8.67469172754791E-22	1.734930734945378E-21	1.811220957555287E-22
60.30000047735248	8.674623581220256E-22	8.675003699971845E-22	1.73496272811921E-21	1.8112860954310939E-22
60.34691707790075	8.675463290940819E-22	8.6754632338462E-22	1.735092652478702E-21	1.8113820432076927E-22
60.400000478521086	8.676303499812785E-22	8.675934211589923E-22	1.735223771140271E-21	1.8114803803920869E-22
60.500000479689696	8.676311460676101E-22	8.676259746738488E-22	1.7352571207414588E-21	1.8115483500793124E-22
60.600000480858306	8.676319421546692E-22	8.67662921292037E-22	1.735294863446706E-21	1.8116254922894049E-22
60.700000482026915	8.677999325800489E-22	8.677595225671791E-22	1.735559455147228E-21	1.8118271896632822E-22
60.800000483195525	8.678007288219655E-22	8.67786277789181E-22	1.7355870066111467E-21	1.811883052880484E-22
60.900000484364135	8.678015250644902E-22	8.678253091166517E-22	1.735626834181142E-21	1.8119645478321624E-22
61.000000485532745	8.678392291552157E-22	8.678625837256833E-22	1.735701812880899E-21	1.8120423748664632E-22
61.00286178556618	8.67885940089018E-22	8.678859343791204E-22	1.7357718744681383E-21	1.8120911295590866E-22
61.100000486701354	8.679703120764725E-22	8.67944670494198E-22	1.7359149825706705E-21	1.8122137668653276E-22
61.200000487869964	8.679711084747438E-22	8.679833923481284E-22	1.7359545008228722E-21	1.8122946156557596E-22
61.300000489038574	8.679719048737319E-22	8.680116791478366E-22	1.7359835840215684E-21	1.8123536767106798E-22
61.400000490207184	8.68139897455256E-22	8.68107435820592E-22	1.7362473332758478E-21	1.812553610608007E-22
61.50000049137579	8.681406940091243E-22	8.681435828389155E-22	1.73628427684804E-21	1.8126290833039798E-22
61.6000004925444	8.681414905637926E-22	8.681772758438176E-22	1.73631876640761E-21	1.8126994321746003E-22
61.65880659323162	8.682255566861537E-22	8.682255509742587E-22	1.7364511076604123E-21	1.8128002276042594E-22
61.70000049371301	8.683094816966134E-22	8.682705597954581E-22	1.7365800414920713E-21	1.8128942031860919E-22
61.80000049488162	8.683102784061025E-22	8.683004231375502E-22	1.7366107015436526E-21	1.8129565559621426E-22
61.90000049605023	8.683110751163256E-22	8.683386585089753E-22	1.736649733625301E-21	1.8130363890077654E-22
62.00000049721884	8.684790664241374E-22	8.684376954953456E-22	1.7369167619194828E-21	1.8132431719931682E-22
62.10000049838745	8.684798632891687E-22	8.684610465083126E-22	1.7369409097974814E-21	1.8132919274364675E-22
62.20000049955606	8.684806601550321E-22	8.685003823049798E-22	1.736981042460012E-21	1.8133740581006375E-22
62.30000050072467	8.684814570214582E-22	8.6852296426879E-22	1.737004421290248E-21	1.8134212078177691E-22
62.31475130089705	8.685651706957394E-22	8.685651657989162E-22	1.7371303364946556E-21	1.8135093219527799E-22
62.40000050189328	8.686494486535218E-22	8.686202176031315E-22	1.7372696662566533E-21	1.8136242666501567E-22
62.50000050306189	8.68650245674854E-22	8.686579053904749E-22	1.737308151065329E-21	1.8137029563747305E-22
62.6000005042305	8.68651042696878E-22	8.686890863218433E-22	1.7373401290187212E-21	1.8137680601941444E-22
62.70000050539911	8.688190361235526E-22	8.687837885426394E-22	1.737602824666192E-21	1.8139657924622417E-22
62.80000050656772	8.688198333006387E-22	8.688179629061606E-22	1.7376377962067994E-21	1.8140371463793197E-22
62.90000050773633	8.68820630478441E-22	8.68853726191864E-22	1.737674356670305E-21	1.8141118178657677E-22
62.970696108562485	8.68904791861423E-22	8.689047869623996E-22	1.7378095788238226E-21	1.8142184295363694E-22
63.00000050890494	8.68988622436958E-22	8.689482118938847E-22	1.7379368343308428E-21	1.814309098056308E-22
63.10000051007355	8.689894197695811E-22	8.689750085045741E-22	1.7379644282741552E-21	1.8143650476904811E-22
63.20000051124216	8.689902171028967E-22	8.690140474383063E-22	1.738004264541203E-21	1.8144465585235543E-22
63.30000051241077	8.690963694962437E-22	8.690855083449399E-22	1.7381818778411836E-21	1.8145957643925415E-22
63.40000051357938	8.691590067055942E-22	8.691360677759633E-22	1.7382950744815577E-21	1.8147013292978406E-22
63.50000051474799	8.691598041945273E-22	8.691752087666492E-22	1.7383350129611766E-21	1.8147830532194003E-22
63.6000005159166	8.691606016841458E-22	8.692012636853756E-22	1.7383618653695216E-21	1.8148374542475024E-22
63.62664081622792	8.692444119914415E-22	8.692444070919562E-22	1.7384888190833978E-21	1.8149275349611845E-22
63.70000051708521	8.693285957336604E-22	8.692961535111E-22	1.7386247492447606E-21	1.815035578222865E-22
63.80000051825382	8.693293933782459E-22	8.69332329921704E-22	1.7386617232999496E-21	1.8151111122880664E-22
63.90000051942243	8.693301910235205E-22	8.693660117863204E-22	1.738696202809841E-21	1.8151814378984728E-22
64.000000520591	8.694981835901832E-22	8.694606080759462E-22	1.7389587916661292E-21	1.815378948988963E-22
64.10000051465418	8.694989813902527E-22	8.69492376098752E-22	1.7389913574890048E-21	1.8154452786182952E-22
64.20000050871737	8.694997791911365E-22	8.695297553131642E-22	1.739029534504301E-21	1.815523324062037E-22
64.28258560381444	8.695840359446108E-22	8.69584030227357E-22	1.739168066171968E-21	1.8156366466620136E-22
64.30000050278055	8.69667771899585E-22	8.696263948155888E-22	1.739294166715174E-21	1.8157251012520707E-22
64.40000049684373	8.696685698553946E-22	8.696497888056823E-22	1.739318358661077E-21	1.8157739464289013E-22
64.50000049090691	8.696693678117985E-22	8.696891372261182E-22	1.7393585050379167E-21	1.8158561034507048E-22
64.6000004849701	8.69670165768945E-22	8.697116916628725E-22	1.7393818574318175E-21	1.815903195693079E-22
64.70000047903328	8.698381587686014E-22	8.698113957756942E-22	1.7396495545442958E-21	1.8161113715964645E-22
64.80000047309646	8.69838956880705E-22	8.698498437350633E-22	1.7396888006157684E-21	1.8161916485123155E-22
64.90000046715964	8.698397549935525E-22	8.698790434008092E-22	1.7397187983943617E-21	1.8162526155739855E-22
64.9385302648722	8.699236604140186E-22	8.699236546968006E-22	1.739847315110819E-21	1.816345761148239E-22
65.00000046122283	8.700077497557553E-22	8.699725160815704E-22	1.7399802658373257E-21	1.8164477806399856E-22
65.10000045528601	8.7000854802343E-22	8.700067233152251E-22	1.740015271338655E-21	1.8165192031878311E-22
65.20000044934919	8.70009346291857E-22	8.700424806609193E-22	1.7400518269527762E-21	1.8165938622719137E-22
65.30000044341237	8.701773395516512E-22	8.70137922973928E-22	1.740315262525579E-21	1.8167931398059033E-22
65.40000043747555	8.70178137974835E-22	8.701668835372271E-22	1.7403450215120624E-21	1.8168536076367358E-22
65.50000043153874	8.70178936398854E-22	8.70205404716278E-22	1.7403843411151318E-21	1.816934037430667E-22
65.59447502592995	8.70263288631763E-22	8.70263282096612E-22	1.740526570728375E-21	1.8170548817528883E-22
65.59447502592995	8.70263288631763E-22	8.70263282096612E-22	1.740526570728375E-21	1.8170548817528883E-22

#Absolute change in energy: 6.790467072837497E-23J
#Percentage change: 4.059774102466013%
#Absolute change in angular momentum: 7.089032945801714E-24kgm^2s^-1
#Percentage change: 4.059773711753028%