# EMSIM OUTPUT FILE 
# PARAMETERS OF SIMULATION RUN 
# ---------------------------- 
# Mode               : 1 
# Magnetic field?      true
# Failing field?       true
# Point charge?        false
# Electric field?      true
# Magnetic strength  : 1.0E-7T 
# Electric strength  : 1.0E-7NC^-1 
# Phase              : 1.5707963267948966
# Algorithm          : 3
# Time-step          : 1.0E-6s 
# Number of Turns    : 100.0
# Number of particles: 10
# Spread in x        : 1.0E-4m 
# Spread in y        : 1.0E-4m 
# Spread in z        : 1.0E-4m 
# ----------------------------- 
Spread in x 	 Spread in y 	 Spread in z 
2.5717348568996944E-4	2.520371476531034E-4	7.953375129461403E-5
6.099012262526238E-4	3.1540842629860025E-4	7.953375129461403E-5
8.646461388395893E-4	6.33390194698458E-5	7.953375129461403E-5
8.21709061310405E-4	2.2963688486037082E-4	7.953375129461403E-5
5.881714676512434E-4	3.3194546740942035E-4	7.953375129461403E-5
3.701414018574597E-4	1.997700514196031E-4	7.953375129461403E-5
3.2972707371900327E-4	6.5061811967437E-5	7.953375129461403E-5
3.4317231128894524E-4	2.2244555900028523E-5	7.953375129461403E-5
4.975880965134242E-4	1.6329392606959786E-4	7.953375129461403E-5
7.017920934793316E-4	1.1812437326049613E-4	7.953375129461403E-5
7.817409649429202E-4	7.63518390456009E-5	7.953375129461403E-5
6.82006111757609E-4	2.2755455538057273E-4	7.953375129461403E-5
5.009523817079706E-4	2.3295365184280645E-4	7.953375129461403E-5
3.9238391264846684E-4	8.79612659172883E-5	7.953375129461403E-5
3.8993440720785574E-4	6.889189983509558E-5	7.953375129461403E-5
4.359105634767803E-4	6.364348532968134E-5	7.953375129461403E-5
5.887320956048381E-4	1.1882386646358545E-4	7.953375129461403E-5
7.217799148241111E-4	2.556178858511421E-5	7.953375129461403E-5
7.224981279981557E-4	1.3165488009254933E-4	7.953375129461403E-5
6.003801088910864E-4	2.1535614705777556E-4	7.953375129461403E-5
4.616651476594888E-4	1.6361570516713192E-4	7.953375129461403E-5
4.207274162305631E-4	7.17055950569764E-5	7.953375129461403E-5
4.2199540578594097E-4	2.9223298084576216E-5	7.953375129461403E-5
5.061952145188815E-4	7.953994023566363E-5	7.953375129461403E-5
6.435977036023111E-4	7.32328501763628E-5	7.953375129461403E-5
7.173913448164926E-4	4.4982565271326326E-5	7.953375129461403E-5
6.671797393707143E-4	1.6355191399088087E-4	7.953375129461403E-5
5.413079469663981E-4	1.906874954710966E-4	7.953375129461403E-5
4.467031804977102E-4	1.033368332200666E-4	7.953375129461403E-5
4.3931876330976366E-4	7.406583277651977E-5	7.953375129461403E-5
4.5886740604194134E-4	1.5848067100872332E-5	7.953375129461403E-5
5.649003021810754E-4	7.651407957449952E-5	7.953375129461403E-5
6.755198444779731E-4	2.467978664577597E-5	7.953375129461403E-5
6.96627791953397E-4	9.426771043077528E-5	7.953375129461403E-5
6.145292382769979E-4	1.756740541400889E-4	7.953375129461403E-5
5.007128870779635E-4	1.553485489518766E-4	7.953375129461403E-5
4.531104916708842E-4	7.615306027646474E-5	7.953375129461403E-5
4.5107796917289583E-4	5.519133268244367E-5	7.953375129461403E-5
5.028118695067137E-4	4.298521588397275E-5	7.953375129461403E-5
6.128784770585288E-4	5.7144524840319066E-5	7.953375129461403E-5
6.877769018115293E-4	2.4742489360327774E-5	7.953375129461403E-5
6.645518694252672E-4	1.3020459230066173E-4	7.953375129461403E-5
5.663764569611581E-4	1.7069744509384116E-4	7.953375129461403E-5
4.7677820548280153E-4	1.1368569583814978E-4	7.953375129461403E-5
4.6310276831635494E-4	7.803904695431971E-5	7.953375129461403E-5
4.692588739908625E-4	1.2745635066545996E-5	7.953375129461403E-5
5.481954845806079E-4	5.292597751178213E-5	7.953375129461403E-5
6.473222232893025E-4	2.638252233579108E-5	7.953375129461403E-5
6.822662522391609E-4	7.010385450104129E-5	7.953375129461403E-5
6.255512104111974E-4	1.5095449472760092E-4	7.953375129461403E-5
5.267914131310072E-4	1.5107251122584847E-4	7.953375129461403E-5
4.712958520617719E-4	7.977712293450334E-5	7.953375129461403E-5
4.696606798615943E-4	7.342594043949213E-5	7.953375129461403E-5
4.987002660314967E-4	1.7515176329717386E-5	7.953375129461403E-5
5.897934138770003E-4	4.607574916842133E-5	7.953375129461403E-5
6.655571943267741E-4	1.2006959953382579E-5	7.953375129461403E-5
6.616919921863737E-4	1.0623983544081478E-4	7.953375129461403E-5
5.83471757182629E-4	1.5623274784103136E-4	7.953375129461403E-5
4.975819731163761E-4	1.2100888492863962E-4	7.953375129461403E-5
4.7668937950562373E-4	8.138069210542677E-5	7.953375129461403E-5
4.7553973012151585E-4	3.371010980961209E-5	7.953375129461403E-5
5.347758776067506E-4	3.595146595201243E-5	7.953375129461403E-5
6.258335286106892E-4	2.7570700943078952E-5	7.953375129461403E-5
6.712406380880304E-4	5.1913665068967565E-5	7.953375129461403E-5
6.336519285237568E-4	1.3231130747635295E-4	7.953375129461403E-5
5.46265198283425E-4	1.4781368282937302E-4	7.953375129461403E-5
4.833148924501887E-4	8.525095005896145E-5	7.953375129461403E-5
4.8228356134855793E-4	8.289458216106501E-5	7.953375129461403E-5
4.953904435225816E-4	2.3746378910172172E-6	7.953375129461403E-5
5.726532588438277E-4	3.831510074064903E-5	7.953375129461403E-5
6.495512339974863E-4	2.061895178564338E-6	7.953375129461403E-5
6.608140529184292E-4	8.730646723412866E-5	7.953375129461403E-5
5.985287766938647E-4	1.4447874902182023E-4	7.953375129461403E-5
5.159330850091487E-4	1.264193265087185E-4	7.953375129461403E-5
4.870782082288111E-4	8.431536662159897E-5	7.953375129461403E-5
4.8229800484356905E-4	5.1010425497047956E-5	7.953375129461403E-5
5.248003552209197E-4	2.102596482918273E-5	7.953375129461403E-5
6.08174350368286E-4	2.7699227969801843E-5	7.953375129461403E-5
6.615346358592733E-4	3.705407917024145E-5	7.953375129461403E-5
6.401293892088281E-4	1.1600486545841615E-4	7.953375129461403E-5
5.632357805488222E-4	1.4391267052263346E-4	7.953375129461403E-5
4.961743110164091E-4	9.706938564821299E-5	7.953375129461403E-5
4.90873302034317E-4	8.567301815466438E-5	7.953375129461403E-5
4.9410964192248E-4	1.762503867042131E-5	7.953375129461403E-5
5.591343153145481E-4	3.0986371353736164E-5	7.953375129461403E-5
6.362809085977555E-4	7.554954933815944E-6	7.953375129461403E-5
6.598646884303089E-4	7.187871699821519E-5	7.953375129461403E-5
6.104666265752678E-4	1.3508844713987223E-4	7.953375129461403E-5
5.303458641606612E-4	1.3104357635898567E-4	7.953375129461403E-5
4.926687949340439E-4	8.697514193453101E-5	7.953375129461403E-5
4.870427331642446E-4	6.523886613659172E-5	7.953375129461403E-5
5.159259892120044E-4	9.026862335281827E-6	7.953375129461403E-5
5.932890810616404E-4	2.8122704435938617E-5	7.953375129461403E-5
6.534107759727931E-4	2.45219925732874E-5	7.953375129461403E-5
6.456029799218263E-4	1.022332170154891E-4	7.953375129461403E-5
5.776419017460097E-4	1.4048221897125512E-4	7.953375129461403E-5
5.072600304028632E-4	1.0689438954540609E-4	7.953375129461403E-5
4.962644763055885E-4	8.822786849818093E-5	7.953375129461403E-5
4.928352820916873E-4	3.2246538900521093E-5	7.953375129461403E-5
5.463692363193232E-4	2.3506496479724914E-5	7.953375129461403E-5
6.22769769092299E-4	1.2307214688055124E-5	7.953375129461403E-5
6.570878128699525E-4	5.72474222063149E-5	7.953375129461403E-5
6.210002528958466E-4	1.240864993440477E-4	7.953375129461403E-5
5.455676957518002E-4	1.3301714773517742E-4	7.953375129461403E-5
4.990604811626609E-4	8.942778856043725E-5	7.953375129461403E-5
4.946168230758607E-4	7.810768733814213E-5	7.953375129461403E-5
5.101747401131118E-4	6.8380101855142206E-6	7.953375129461403E-5
5.799343531837781E-4	2.6273123483661065E-5	7.953375129461403E-5
6.446354683677796E-4	1.3508548620807387E-5	7.953375129461403E-5
6.494812224020347E-4	8.858430965546366E-5	7.953375129461403E-5
5.912433255655485E-4	1.3540637674828992E-4	7.953375129461403E-5
5.194421740837563E-4	1.1470361181211905E-4	7.953375129461403E-5
5.016570604965964E-4	9.059369694823467E-5	7.953375129461403E-5
4.940000458357255E-4	4.618209187549904E-5	7.953375129461403E-5
5.358040397281799E-4	1.4852621785146902E-5	7.953375129461403E-5
6.097771553056214E-4	1.576835336753596E-5	7.953375129461403E-5
6.530227859033871E-4	4.4248663491636836E-5	7.953375129461403E-5
6.292460526813176E-4	1.1337716915653384E-4	7.953375129461403E-5
5.590226582673011E-4	1.336948277193828E-4	7.953375129461403E-5
5.034535352287234E-4	9.171681189355556E-5	7.953375129461403E-5
5.019450784099905E-4	8.941198464741933E-5	7.953375129461403E-5
5.047981401886531E-4	1.9076735364234598E-5	7.953375129461403E-5
5.65729120090154E-4	2.2433751351386144E-5	7.953375129461403E-5
6.329777709726953E-4	4.76301215774147E-6	7.953375129461403E-5
6.49426752241708E-4	7.509777748838237E-5	7.953375129461403E-5
6.01685887754441E-4	1.2867786226331002E-4	7.953375129461403E-5
5.303952896980463E-4	1.204490404244779E-4	7.953375129461403E-5
5.050502225379672E-4	9.280243876800146E-5	7.953375129461403E-5
4.95481157370567E-4	5.87392700550568E-5	7.953375129461403E-5
5.263791287973502E-4	6.407094096050336E-6	7.953375129461403E-5
5.974417430267831E-4	1.8608977556941464E-5	7.953375129461403E-5
6.482736767659675E-4	3.252103803629697E-5	7.953375129461403E-5
6.36229148660121E-4	1.0251099622027304E-4	7.953375129461403E-5
5.720501169508077E-4	1.3292091352948288E-4	7.953375129461403E-5
5.102560986631893E-4	9.791724566193122E-5	7.953375129461403E-5
5.074470222055788E-4	9.386114243763332E-5	7.953375129461403E-5
5.019371577085832E-4	3.0547695418270404E-5	7.953375129461403E-5
5.545374001857464E-4	1.836597905952031E-5	7.953375129461403E-5
6.234620479093067E-4	4.938456882885162E-6	7.953375129461403E-5
6.503414505643762E-4	6.215621892716877E-5	7.953375129461403E-5
6.134300697302249E-4	1.2076412281274151E-4	7.953375129461403E-5
5.442565364857932E-4	1.2428587652493078E-4	7.953375129461403E-5
5.10843998622279E-4	9.488863407245809E-5	7.953375129461403E-5
5.011301146588265E-4	7.105670145497733E-5	7.953375129461403E-5
5.201006351914055E-4	7.44640919192463E-6	7.953375129461403E-5
5.856639131921193E-4	1.867086716272892E-5	7.953375129461403E-5
6.421082771048692E-4	2.1951975505748317E-5	7.953375129461403E-5
6.415353456813155E-4	9.098811885570324E-5	7.953375129461403E-5
5.847356118275429E-4	1.3023288036800862E-4	7.953375129461403E-5
5.199598520778254E-4	1.0634761808073212E-4	7.953375129461403E-5
5.116415542615882E-4	9.588465127773589E-5	7.953375129461403E-5
5.013523451087507E-4	4.177347482246796E-5	7.953375129461403E-5
5.452157396816405E-4	1.324670564853414E-5	7.953375129461403E-5
6.145022954918145E-4	9.610591816207326E-6	7.953375129461403E-5
6.503008737369365E-4	5.116113731516714E-5	7.953375129461403E-5
6.223959516381515E-4	1.1441467234730995E-4	7.953375129461403E-5
5.546034003830747E-4	1.279759488937715E-4	7.953375129461403E-5
5.122388433507624E-4	9.68652616506639E-5	7.953375129461403E-5
5.041999076723092E-4	8.180894176447115E-5	7.953375129461403E-5
5.125998572042025E-4	1.668043195343638E-5	7.953375129461403E-5
5.730211966857163E-4	1.83731416752847E-5	7.953375129461403E-5
6.341365622129641E-4	1.2513885143033976E-5	7.953375129461403E-5
6.442140395207796E-4	7.973399021728167E-5	7.953375129461403E-5
5.9518056059428E-4	1.2653088510862498E-4	7.953375129461403E-5
5.286948896906368E-4	1.1334266515738989E-4	7.953375129461403E-5
5.138362328993562E-4	9.781721636558576E-5	7.953375129461403E-5
5.003323785773561E-4	5.291671770135675E-5	7.953375129461403E-5
5.338788288175023E-4	5.684895093130415E-6	7.953375129461403E-5
6.011115219026614E-4	1.2643032259708475E-5	7.953375129461403E-5
6.448897704341011E-4	3.9418161601231794E-5	7.953375129461403E-5
6.282474711002822E-4	1.0446817855309931E-4	7.953375129461403E-5
5.654643179038854E-4	1.282754857168389E-4	7.953375129461403E-5
5.146337707360865E-4	9.875027444460075E-5	7.953375129461403E-5
5.097336365785243E-4	9.182972744262684E-5	7.953375129461403E-5
5.070726924623001E-4	2.73030506473676E-5	7.953375129461403E-5
5.601009960261027E-4	1.5415997114770486E-5	7.953375129461403E-5
6.237715904265223E-4	4.635779672818724E-6	7.953375129461403E-5
6.441213845614635E-4	6.783243702941644E-5	7.953375129461403E-5
6.043063905718498E-4	1.2067960266093358E-4	7.953375129461403E-5
5.381747044208435E-4	1.1851236501417284E-4	7.953375129461403E-5
5.160314465893628E-4	9.966436427061024E-5	7.953375129461403E-5
5.013857794088222E-4	6.400021015724733E-5	7.953375129461403E-5
5.253724414580165E-4	5.81640434639541E-6	7.953375129461403E-5
5.901788378138428E-4	1.4609682456437345E-5	7.953375129461403E-5
6.407429026663441E-4	2.9001331724384793E-5	7.953375129461403E-5
6.344214139162307E-4	9.500926590415293E-5	7.953375129461403E-5
5.767918050743337E-4	1.2780983181534533E-4	7.953375129461403E-5
5.172296128930498E-4	1.0056189667044018E-4	7.953375129461403E-5
5.168005176636598E-4	1.0054189610059596E-4	7.953375129461403E-5
5.042627567122676E-4	3.703843993446698E-5	7.953375129461403E-5
5.503035526922759E-4	1.2268136838494703E-5	7.953375129461403E-5
6.158118529384499E-4	4.803430399720476E-6	7.953375129461403E-5
6.451421905841748E-4	5.729694390936568E-5	7.953375129461403E-5
6.135927509680536E-4	1.1529739820548279E-4	7.953375129461403E-5
5.480005841869001E-4	1.2285567147406196E-4	7.953375129461403E-5
5.17827470086038E-4	1.0144100597782425E-4	7.953375129461403E-5
5.035993514677234E-4	7.480548552325078E-5	7.953375129461403E-5
5.174640054596133E-4	1.3130684004394877E-5	7.953375129461403E-5
5.781798764697837E-4	1.5437226563969064E-5	7.953375129461403E-5
6.341652656687152E-4	1.939103840869691E-5	7.953375129461403E-5
6.382402903570839E-4	8.459800963123154E-5	7.953375129461403E-5
5.872465023262288E-4	1.254419525156536E-4	7.953375129461403E-5
5.245025460871855E-4	1.0722577262174855E-4	7.953375129461403E-5
5.194254095091111E-4	1.0230202250399907E-4	7.953375129461403E-5
5.026015916214724E-4	4.62206745043825E-5	7.953375129461403E-5
5.407556008980158E-4	7.683957113729933E-6	7.953375129461403E-5
6.066511405137115E-4	9.668777745754087E-6	7.953375129461403E-5
6.444150652523406E-4	4.626481025180734E-5	7.953375129461403E-5
6.225349622348848E-4	1.077084207457002E-4	7.953375129461403E-5
5.59688701340641E-4	1.251567072749482E-4	7.953375129461403E-5
5.212234063609739E-4	1.0314685895465388E-4	7.953375129461403E-5
5.089790410648665E-4	8.465387962382914E-5	7.953375129461403E-5
5.132217054761475E-4	2.1142773960453054E-5	7.953375129461403E-5
5.693569215014099E-4	1.5280135103698522E-5	7.953375129461403E-5
6.296954031051183E-4	1.0955562770234052E-5	7.953375129461403E-5
6.432028886824148E-4	7.486849674143148E-5	7.953375129461403E-5
5.986936697969097E-4	1.2268359774764148E-4	7.953375129461403E-5
5.339777317231315E-4	1.1378185835759363E-4	7.953375129461403E-5
5.224219221552223E-4	1.0397492619686283E-4	7.953375129461403E-5
5.032756345891704E-4	5.678673551759439E-5	7.953375129461403E-5
5.32733992357988E-4	2.9512256909253187E-6	7.953375129461403E-5
5.97506369961226E-4	1.2951084631111776E-5	7.953375129461403E-5
6.425184055895428E-4	3.6422666121034564E-5	7.953375129461403E-5
6.294064929955427E-4	1.0066486847958023E-4	7.953375129461403E-5
5.693149892973398E-4	1.2689526009733443E-4	7.953375129461403E-5
5.220200920410811E-4	1.0478881462312818E-4	7.953375129461403E-5
5.13102115963629E-4	9.38180247820053E-5	7.953375129461403E-5
5.077121318934549E-4	2.9788396859894983E-5	7.953375129461403E-5
5.581243552937876E-4	1.3645267024159358E-5	7.953375129461403E-5
6.215141867038365E-4	3.4057087848872805E-6	7.953375129461403E-5
6.442156673733962E-4	6.463100586230619E-5	7.953375129461403E-5
6.072650532793523E-4	1.1836483839326728E-4	7.953375129461403E-5
5.420558414875043E-4	1.1905066469975606E-4	7.953375129461403E-5
5.232183087241077E-4	1.0558901825381882E-4	7.953375129461403E-5
5.034525906319337E-4	6.690521586312503E-5	7.953375129461403E-5
5.243437710424573E-4	6.42514868365307E-6	7.953375129461403E-5
5.872457561677535E-4	1.4950554834955443E-5	7.953375129461403E-5
6.387339413386484E-4	2.6599313187131157E-5	7.953375129461403E-5
6.353043247885326E-4	9.184212665994118E-5	7.953375129461403E-5
5.799641338465888E-4	1.2656804508150155E-4	7.953375129461403E-5
5.240165908595718E-4	1.0637902084279456E-4	7.953375129461403E-5
5.196483125286394E-4	1.0214892136647079E-4	7.953375129461403E-5
5.047454707225105E-4	3.881001296904274E-5	7.953375129461403E-5
5.483291400843054E-4	1.0838338620269838E-5	7.953375129461403E-5
6.133755926442941E-4	6.418916172330064E-6	7.953375129461403E-5
6.448331309913402E-4	5.406072640749826E-5	7.953375129461403E-5
6.164335999236433E-4	1.1246754578317364E-4	7.953375129461403E-5
5.523210364262038E-4	1.2283614342417648E-4	7.953375129461403E-5
5.256154078948083E-4	1.0715425590792255E-4	7.953375129461403E-5
5.066156082433604E-4	7.686493787209536E-5	7.953375129461403E-5
5.184384442041634E-4	1.3944736486373732E-5	7.953375129461403E-5
5.781325359070916E-4	1.628207795903447E-5	7.953375129461403E-5
6.349861020866487E-4	1.7652934972047646E-5	7.953375129461403E-5
6.408033596372667E-4	8.298093314346167E-5	7.953375129461403E-5
5.907128027342542E-4	1.2531960823876365E-4	7.953375129461403E-5
5.27265774642599E-4	1.0870210554842852E-4	7.953375129461403E-5
5.260137807637927E-4	1.0792009148623181E-4	7.953375129461403E-5
5.035246115196595E-4	4.869336252016909E-5	7.953375129461403E-5
5.400473252656218E-4	6.616176571952459E-6	7.953375129461403E-5
6.05827313751639E-4	1.0770570522830591E-5	7.953375129461403E-5
6.450335466885726E-4	4.4488051235025416E-5	7.953375129461403E-5
6.245463695974292E-4	1.0680270106319667E-4	7.953375129461403E-5
5.61788904385005E-4	1.258914424835389E-4	7.953375129461403E-5
5.266122053599886E-4	1.0867614024541358E-4	7.953375129461403E-5
5.097426546753908E-4	8.640563237657245E-5	7.953375129461403E-5
5.122606946806225E-4	2.2324208569207693E-5	7.953375129461403E-5
5.675528771157123E-4	1.5226158864289907E-5	7.953375129461403E-5
6.286450709521718E-4	9.447211610318779E-6	7.953375129461403E-5
6.435253812985958E-4	7.373307450739275E-5	7.953375129461403E-5
5.995008389193188E-4	1.228856474166512E-4	7.953375129461403E-5
5.339696889406637E-4	1.1514975129365418E-4	7.953375129461403E-5
5.26210698151855E-4	1.0942451899786026E-4	7.953375129461403E-5
5.017936690909219E-4	5.8198305934759054E-5	7.953375129461403E-5
5.303350276352273E-4	4.52521507410264E-6	7.953375129461403E-5
5.954446652251533E-4	1.4127564618389432E-5	7.953375129461403E-5
6.418050175052981E-4	3.477794151521274E-5	7.953375129461403E-5
6.300346579419767E-4	9.972604623370573E-5	7.953375129461403E-5
5.701374760663375E-4	1.2745987484730215E-4	7.953375129461403E-5
5.262097343776834E-4	1.1015812468448595E-4	7.953375129461403E-5
5.127645412701803E-4	9.529709624639393E-5	7.953375129461403E-5
5.060439692204204E-4	3.0550975260501545E-5	7.953375129461403E-5
5.560144467794265E-4	1.4350450759342825E-5	7.953375129461403E-5
6.202265313325905E-4	3.108701311060804E-6	7.953375129461403E-5
6.441699592305145E-4	6.366584141503928E-5	7.953375129461403E-5
6.075518152176898E-4	1.1868974800609278E-4	7.953375129461403E-5
5.414786044276171E-4	1.2038964997979074E-4	7.953375129461403E-5
5.264083087552079E-4	1.1088110917825597E-4	7.953375129461403E-5
5.016342708705213E-4	6.780700571643039E-5	7.953375129461403E-5
5.222113209462712E-4	7.180107083365472E-6	7.953375129461403E-5
5.859130658432271E-4	1.6534023505071493E-5	7.953375129461403E-5
6.386343127739724E-4	2.5523851634491612E-5	7.953375129461403E-5
6.35650548601506E-4	9.205898247982569E-5	7.953375129461403E-5
5.795097474510652E-4	1.278930114506499E-4	7.953375129461403E-5
5.266069112895844E-4	1.1159794311559197E-4	7.953375129461403E-5
5.177745001833101E-4	1.0338399533493456E-4	7.953375129461403E-5
5.021813077501769E-4	3.848057768440771E-5	7.953375129461403E-5
5.463009080758086E-4	1.1770483302364632E-5	7.953375129461403E-5
6.126543118586958E-4	8.434954606416356E-6	7.953375129461403E-5
6.451887083748636E-4	5.3440352584976925E-5	7.953375129461403E-5
6.167121512368721E-4	1.1323627097489797E-4	7.953375129461403E-5
5.514190235253735E-4	1.2434094945098367E-4	7.953375129461403E-5
5.284055223711004E-4	1.1230228111329038E-4	7.953375129461403E-5
5.044201137867077E-4	7.778859884195743E-5	7.953375129461403E-5
5.159017239219615E-4	1.2096120978494218E-5	7.953375129461403E-5
5.76373086307258E-4	1.8273892448697482E-5	7.953375129461403E-5
6.344719121527675E-4	1.6480837341424637E-5	7.953375129461403E-5
6.409056890395309E-4	8.296575419217134E-5	7.953375129461403E-5
5.902234523617045E-4	1.264742530873164E-4	7.953375129461403E-5
5.28604751824785E-4	1.130020402097265E-4	7.953375129461403E-5
5.254407594237759E-4	1.1072845799484608E-4	7.953375129461403E-5
5.01091210209699E-4	4.799907595007258E-5	7.953375129461403E-5
5.383953532228924E-4	8.491841227406538E-6	7.953375129461403E-5
6.056639381831763E-4	1.3294323981800221E-5	7.953375129461403E-5
6.457052412924547E-4	4.4469204496938586E-5	7.953375129461403E-5
6.243877684309375E-4	1.0842054392148914E-4	7.953375129461403E-5
5.598138925871632E-4	1.2777163477157433E-4	7.953375129461403E-5
5.282034430002941E-4	1.1369211597411589E-4	7.953375129461403E-5
5.064835295107012E-4	8.686655942599653E-5	7.953375129461403E-5
5.09448588795175E-4	2.013152729149481E-5	7.953375129461403E-5
5.664561665177925E-4	1.8267797860294088E-5	7.953375129461403E-5
6.290929323007344E-4	8.327200468373486E-6	7.953375129461403E-5
6.444362754511324E-4	7.396139451754102E-5	7.953375129461403E-5
5.995751878667618E-4	1.2426835342681242E-4	7.953375129461403E-5
5.32618546703556E-4	1.1651224712634634E-4	7.953375129461403E-5
5.292021575989958E-4	1.1437467701439711E-4	7.953375129461403E-5
4.999651888136641E-4	5.761540596917192E-5	7.953375129461403E-5
5.298795211184926E-4	6.244930684712324E-6	7.953375129461403E-5
5.969881722316106E-4	1.7127429319127585E-5	7.953375129461403E-5
6.442338486324778E-4	3.4934419733734234E-5	7.953375129461403E-5
6.312960152899168E-4	1.0181790265464952E-4	7.953375129461403E-5
5.691441381769774E-4	1.2971009819201518E-4	7.953375129461403E-5
5.286008960746214E-4	1.1504856212889499E-4	7.953375129461403E-5
5.103368749755227E-4	9.556140209933395E-5	7.953375129461403E-5
5.046359166714538E-4	2.8836681954191867E-5	7.953375129461403E-5
5.572315046822873E-4	1.76472175577036E-5	7.953375129461403E-5
6.234488501747348E-4	4.215801419932275E-6	7.953375129461403E-5
6.473463178723327E-4	6.48615248426132E-5	7.953375129461403E-5
6.088180654614042E-4	1.2117255332702581E-4	7.953375129461403E-5
5.405932153220439E-4	1.2205044943125812E-4	7.953375129461403E-5
5.29799621520527E-4	1.157152492714321E-4	7.953375129461403E-5
4.999697105087658E-4	6.769774117036664E-5	7.953375129461403E-5
5.214205762539767E-4	6.5134569937064235E-6	7.953375129461403E-5
5.86822735669762E-4	1.9663711261865002E-5	7.953375129461403E-5
6.406678476919003E-4	2.501391866759073E-5	7.953375129461403E-5
6.37399871448615E-4	9.311626618102586E-5	7.953375129461403E-5
5.798136246444874E-4	1.2961936519091666E-4	7.953375129461403E-5
5.30398984080166E-4	1.1637295064412085E-4	7.953375129461403E-5
5.166441617689976E-4	1.0434598701478809E-4	7.953375129461403E-5
5.007793035268077E-4	3.804174316346387E-5	7.953375129461403E-5
5.458884738097081E-4	1.5671412440049215E-5	7.953375129461403E-5
6.136520566273895E-4	1.0082834502062304E-5	7.953375129461403E-5
6.461977185828333E-4	5.4784539436442126E-5	7.953375129461403E-5
6.155061690453073E-4	1.1615771973169653E-4	7.953375129461403E-5
5.476486872536546E-4	1.2635790804083058E-4	7.953375129461403E-5
5.287978471844312E-4	1.1702482841648874E-4	7.953375129461403E-5
4.997955030229262E-4	7.745583481541529E-5	7.953375129461403E-5
5.125719684365981E-4	1.2156102263571888E-5	7.953375129461403E-5
5.752835646268828E-4	2.131607209912567E-5	7.953375129461403E-5
6.34693720619306E-4	1.6056761664523522E-5	7.953375129461403E-5
6.405235335686169E-4	8.455296155779335E-5	7.953375129461403E-5
5.878486750751644E-4	1.287244315580499E-4	7.953375129461403E-5
5.2939670846891E-4	1.1767196235764219E-4	7.953375129461403E-5
5.213319865873534E-4	1.1166447108787447E-4	7.953375129461403E-5
4.970629924563319E-4	4.6907908457516356E-5	7.953375129461403E-5
5.360716674328581E-4	1.1946872781137818E-5	7.953375129461403E-5
6.052207786738373E-4	1.5153015529893732E-5	7.953375129461403E-5
6.45791197989673E-4	4.4864844605210785E-5	7.953375129461403E-5
6.232995842236737E-4	1.1028607293947501E-4	7.953375129461403E-5
5.56847938562241E-4	1.295223019609007E-4	7.953375129461403E-5
5.293955813375495E-4	1.1830871917821388E-4	7.953375129461403E-5
5.025835260075578E-4	8.668863695994455E-5	7.953375129461403E-5
5.067491151240821E-4	1.9273542552544765E-5	7.953375129461403E-5
5.660473938941257E-4	2.1512732067324736E-5	7.953375129461403E-5
6.301402863226335E-4	7.75411616529137E-6	7.953375129461403E-5
6.449485328769086E-4	7.556498804411893E-5	7.953375129461403E-5
5.979991502305798E-4	1.2668639436318185E-4	7.953375129461403E-5
5.30595061697392E-4	1.1894258340565357E-4	7.953375129461403E-5
5.291614463605876E-4	1.1829406238602833E-4	7.953375129461403E-5
4.962271858994921E-4	5.6965870263533946E-5	7.953375129461403E-5
5.274467835559571E-4	7.3489071340526735E-6	7.953375129461403E-5
5.962998245396534E-4	1.930510688613607E-5	7.953375129461403E-5
6.443199591115584E-4	3.488580999343183E-5	7.953375129461403E-5
6.306990254379714E-4	1.0318203803780235E-4	7.953375129461403E-5
5.669985946434447E-4	1.313281606159511E-4	7.953375129461403E-5
5.305939936094961E-4	1.1956721318359171E-4	7.953375129461403E-5
5.071099076506269E-4	9.58117160642924E-5	7.953375129461403E-5
5.020585574631777E-4	2.7495275250671858E-5	7.953375129461403E-5
5.564606564620045E-4	2.010286270484607E-5	7.953375129461403E-5
6.241123551687655E-4	5.3115035481623996E-6	7.953375129461403E-5
6.476735487905977E-4	6.62813981192889E-5	7.953375129461403E-5
6.071587368320086E-4	1.23578394752355E-4	7.953375129461403E-5
5.369846060131467E-4	1.233985092204716E-4	7.953375129461403E-5
5.309929281278325E-4	1.2018860459070177E-4	7.953375129461403E-5
4.961145491312324E-4	6.672399373222615E-5	7.953375129461403E-5
5.193558209401761E-4	4.179847401974968E-6	7.953375129461403E-5
5.870152781010385E-4	2.1581856658917098E-5	7.953375129461403E-5
6.416407894867804E-4	2.5465839215074726E-5	7.953375129461403E-5
6.368189484096988E-4	9.565679144168948E-5	7.953375129461403E-5
5.766303967185138E-4	1.3209034177251444E-4	7.953375129461403E-5
5.309918973505634E-4	1.2080349236393564E-4	7.953375129461403E-5
5.119985907723057E-4	1.044832811953958E-4	7.953375129461403E-5
4.974361304170977E-4	3.579038420239988E-5	7.953375129461403E-5
5.455707593840925E-4	1.855265865184641E-5	7.953375129461403E-5
6.155164985664208E-4	1.1533465932633824E-5	7.953375129461403E-5
6.481225025699311E-4	5.5718644761615366E-5	7.953375129461403E-5
6.15843037987715E-4	1.1828162416407939E-4	7.953375129461403E-5
5.4609886832796E-4	1.2786736872524504E-4	7.953375129461403E-5
5.319914998706543E-4	1.2141274404263639E-4	7.953375129461403E-5
4.975112645905638E-4	7.735702954025925E-5	7.953375129461403E-5
5.111202072033277E-4	1.0670028381093433E-5	7.953375129461403E-5
5.754604293151666E-4	2.3309553057349053E-5	7.953375129461403E-5
6.359317013011623E-4	1.564907864398668E-5	7.953375129461403E-5
6.41350625381832E-4	8.575194912560646E-5	7.953375129461403E-5
5.871251772367192E-4	1.3051156622174986E-4	7.953375129461403E-5
5.325905369728545E-4	1.2201694772246648E-4	7.953375129461403E-5
5.1918608083526E-4	1.1257429675232827E-4	7.953375129461403E-5
4.946535140514866E-4	4.650565516123306E-5	7.953375129461403E-5
5.345838211895937E-4	1.607460775959746E-5	7.953375129461403E-5
6.050568550829971E-4	1.655853621986003E-5	7.953375129461403E-5
6.463967747209476E-4	4.4560161580387E-5	7.953375129461403E-5
6.23636272796102E-4	1.1110859124710548E-4	7.953375129461403E-5
5.561079201771013E-4	1.3077330380203978E-4	7.953375129461403E-5
5.333896012675865E-4	1.2261556218376012E-4	7.953375129461403E-5
5.006932862590407E-4	8.776457447912112E-5	7.953375129461403E-5
5.041385785701374E-4	1.906451049443758E-5	7.953375129461403E-5
5.636480446389036E-4	2.4263113912556533E-5	7.953375129461403E-5
6.286801050386093E-4	6.8126897756273785E-6	7.953375129461403E-5
6.439382551277004E-4	7.564000392401571E-5	7.953375129461403E-5
5.964162529063094E-4	1.277141359246614E-4	7.953375129461403E-5
5.33188719428257E-4	1.2320784196745055E-4	7.953375129461403E-5
5.264239756858913E-4	1.1941406688701153E-4	7.953375129461403E-5
4.926686027942606E-4	5.74271517891356E-5	7.953375129461403E-5
5.239546730766709E-4	1.1292184446870523E-5	7.953375129461403E-5
5.937053114863644E-4	2.065062981195312E-5	7.953375129461403E-5
6.427029786665733E-4	3.4157310077456704E-5	7.953375129461403E-5
6.292970674216629E-4	1.0349646029489401E-4	7.953375129461403E-5
5.648672404410804E-4	1.324184133263545E-4	7.953375129461403E-5
5.331885030866457E-4	1.23790922777381E-4	7.953375129461403E-5
5.039200896508611E-4	9.666370191840912E-5	7.953375129461403E-5
4.984590979545075E-4	2.578772938274798E-5	7.953375129461403E-5
5.533740787773966E-4	2.3671537703370826E-5	7.953375129461403E-5
6.220518571279365E-4	6.082711524170448E-6	7.953375129461403E-5
6.465782397429426E-4	6.557818738650578E-5	7.953375129461403E-5
6.062486622809282E-4	1.2392489332696544E-4	7.953375129461403E-5
5.353224478639174E-4	1.2450037667043447E-4	7.953375129461403E-5
5.345876453639598E-4	1.2437295915227337E-4	7.953375129461403E-5
4.937917682988902E-4	6.679786505930929E-5	7.953375129461403E-5
5.175288215079066E-4	5.472015458612978E-6	7.953375129461403E-5
5.86375324350269E-4	2.4033321590587187E-5	7.953375129461403E-5
6.419909081699926E-4	2.472788481273913E-5	7.953375129461403E-5
6.374059900502452E-4	9.593849206207539E-5	7.953375129461403E-5
5.765196726156829E-4	1.33152402479908E-4	7.953375129461403E-5
5.355867917207491E-4	1.249506552226028E-4	7.953375129461403E-5
5.108216849007419E-4	1.053525873661032E-4	7.953375129461403E-5
4.958725913571486E-4	3.5271528036007194E-5	7.953375129461403E-5
5.445979178872462E-4	2.2360205080354523E-5	7.953375129461403E-5
6.156135850426403E-4	1.23626280361111E-5	7.953375129461403E-5
6.486224983811434E-4	5.5959813374723E-5	7.953375129461403E-5
6.155455917477709E-4	1.1957617586894065E-4	7.953375129461403E-5
5.444810435155101E-4	1.2911559336309733E-4	7.953375129461403E-5
5.35586627665785E-4	1.2551892812565812E-4	7.953375129461403E-5
4.954189497921035E-4	7.6818942304685E-5	7.953375129461403E-5
5.103512810138641E-4	7.890529316129102E-6	7.953375129461403E-5
5.766571947640742E-4	2.6236686554145794E-5	7.953375129461403E-5
6.380712164593128E-4	1.564434827283634E-5	7.953375129461403E-5
6.425373460811692E-4	8.759158508062082E-5	7.953375129461403E-5
5.862551439670405E-4	1.3263281732714405E-4	7.953375129461403E-5
5.359858145322915E-4	1.260857946474581E-4	7.953375129461403E-5
5.168828064903153E-4	1.1301971329819027E-4	7.953375129461403E-5
4.931287323670305E-4	4.45609964836724E-5	7.953375129461403E-5
5.354619041364611E-4	2.0102938733723708E-5	7.953375129461403E-5
6.079230791537771E-4	1.8028037423559705E-5	7.953375129461403E-5
6.494049912480482E-4	4.549012110219297E-5	7.953375129461403E-5
6.249829940353571E-4	1.1337834348534859E-4	7.953375129461403E-5
5.5540293442366E-4	1.324547097743961E-4	7.953375129461403E-5
5.377850177445687E-4	1.266482501770792E-4	7.953375129461403E-5
4.995916325433447E-4	8.649514585952478E-5	7.953375129461403E-5
5.055148405779877E-4	1.4839692544066363E-5	7.953375129461403E-5
5.682763885564435E-4	2.7359910276081312E-5	7.953375129461403E-5
6.34585819014738E-4	7.098021571103064E-6	7.953375129461403E-5
6.481162653924691E-4	7.868190295906574E-5	7.953375129461403E-5
5.973455768787661E-4	1.3092853862095577E-4	7.953375129461403E-5
5.377842287051793E-4	1.2720590845725322E-4	7.953375129461403E-5
5.25302679841716E-4	1.2004945114742899E-4	7.953375129461403E-5
4.92602971208643E-4	5.475874017382698E-5	7.953375129461403E-5
5.271987553553681E-4	1.5570759925309652E-5	7.953375129461403E-5
5.997015807316375E-4	2.2598740241160445E-5	7.953375129461403E-5
6.485679376423414E-4	3.6023134315443794E-5	7.953375129461403E-5
6.322438587293977E-4	1.0725044559783958E-4	7.953375129461403E-5
5.64590863211839E-4	1.3487157188715043E-4	7.953375129461403E-5
5.377841663264382E-4	1.2776107765856545E-4	7.953375129461403E-5
5.026939459601698E-4	9.616721202770906E-5	7.953375129461403E-5
4.988768222260413E-4	2.3018991939460776E-5	7.953375129461403E-5
5.565147481557398E-4	2.704772251946319E-5	7.953375129461403E-5
6.266655829037515E-4	6.602895483716342E-6	7.953375129461403E-5
6.497520612401067E-4	6.847355824859958E-5	7.953375129461403E-5
6.061257131278475E-4	1.2737842891233364E-4	7.953375129461403E-5
5.377834456135877E-4	1.2830970517206785E-4	7.953375129461403E-5
5.328146496520747E-4	1.2601096068073393E-4	7.953375129461403E-5
4.920889783583127E-4	6.425361780318384E-5	7.953375129461403E-5
5.191775621340433E-4	1.077169837862546E-5	7.953375129461403E-5
5.910693101437992E-4	2.6238589931386336E-5	7.953375129461403E-5
6.469557858131136E-4	2.6148410207899042E-5	7.953375129461403E-5
6.397746751774409E-4	9.951772136851389E-5	7.953375129461403E-5
5.756291086116694E-4	1.358498053372903E-4	7.953375129461403E-5
5.393826933058066E-4	1.2885566934286262E-4	7.953375129461403E-5
5.087494565284845E-4	1.0484293195042738E-4	7.953375129461403E-5
4.957720613917409E-4	3.198406888554883E-5	7.953375129461403E-5
5.479038044789442E-4	2.624663284481188E-5	7.953375129461403E-5
6.208861586598224E-4	1.2722380350452256E-5	7.953375129461403E-5
6.530332313420401E-4	5.82193748560611E-5	7.953375129461403E-5
6.17121644486629E-4	1.2277563406018488E-4	7.953375129461403E-5
5.436576151485462E-4	1.3053702173298262E-4	7.953375129461403E-5
5.403819805792631E-4	1.2939690069853593E-4	7.953375129461403E-5
4.947504070260261E-4	7.504230685889679E-5	7.953375129461403E-5
5.123919893284257E-4	4.970326060477204E-6	7.953375129461403E-5
5.816177005881495E-4	2.8644868800213608E-5	7.953375129461403E-5
6.437014661886953E-4	1.6554798484627598E-5	7.953375129461403E-5
6.460035036885449E-4	9.08487553268611E-5	7.953375129461403E-5
5.865568271548882E-4	1.3546976767225827E-4	7.953375129461403E-5
5.407820055351176E-4	1.2993695988457217E-4	7.953375129461403E-5
5.156673266569767E-4	1.1305736298190816E-4	7.953375129461403E-5
4.932858978923399E-4	4.1879885501444614E-5	7.953375129461403E-5
5.386325817634541E-4	2.391803492415856E-5	7.953375129461403E-5
6.131975600061623E-4	1.8916663377027687E-5	7.953375129461403E-5
6.540342259116622E-4	4.770201315815181E-5	7.953375129461403E-5
6.26638941085958E-4	1.168924042785624E-4	7.953375129461403E-5
5.5428333463306E-4	1.3428576163974568E-4	7.953375129461403E-5
5.421813260044206E-4	1.304706473168843E-4	7.953375129461403E-5
4.981000644155992E-4	8.543030111535233E-5	7.953375129461403E-5
5.06075282656962E-4	1.222608004189385E-5	7.953375129461403E-5
5.71507683483824E-4	3.02142206316941E-5	7.953375129461403E-5
6.38889354496408E-4	7.228641624112964E-6	7.953375129461403E-5
6.511599446654831E-4	8.097752952107573E-5	7.953375129461403E-5
5.978935861799539E-4	1.334390600790658E-4	7.953375129461403E-5
5.427806841677985E-4	1.3100312503903068E-4	7.953375129461403E-5
5.242060747603083E-4	1.2059400637334794E-4	7.953375129461403E-5
4.922866071913681E-4	5.2711573549690804E-5	7.953375129461403E-5
5.294512045628808E-4	2.0917749412818765E-5	7.953375129461403E-5
6.041292285909883E-4	2.3915096215432977E-5	7.953375129461403E-5
6.531062378858643E-4	3.711373871861934E-5	7.953375129461403E-5
6.348922523692832E-4	1.0979942732605719E-4	7.953375129461403E-5
5.649591552537858E-4	1.3671358799154099E-4	7.953375129461403E-5
5.435800542641644E-4	1.3152879907618836E-4	7.953375129461403E-5
5.025167886615889E-4	9.509178716092526E-5	7.953375129461403E-5
5.010091895159725E-4	1.964672387161359E-5	7.953375129461403E-5
5.618544524340074E-4	3.1142994932981116E-5	7.953375129461403E-5
6.333764868626801E-4	7.696859644329423E-6	7.953375129461403E-5
6.54701005631371E-4	7.164523370695175E-5	7.953375129461403E-5
6.076479200108342E-4	1.308059459713684E-4	7.953375129461403E-5
5.431801733504216E-4	1.3205278446375027E-4	7.953375129461403E-5
5.321244766695321E-4	1.2674927653416254E-4	7.953375129461403E-5
4.921878508819671E-4	6.199573063933594E-5	7.953375129461403E-5
5.221811700065054E-4	1.606866477590896E-5	7.953375129461403E-5
5.966257941017183E-4	2.7798261066691587E-5	7.953375129461403E-5
6.522996468479592E-4	2.8291151868253817E-5	7.953375129461403E-5
6.418136093510468E-4	1.0373960974741081E-4	7.953375129461403E-5
5.740661666231439E-4	1.385643713724405E-4	7.953375129461403E-5
5.429795400215265E-4	1.3257085353122084E-4	7.953375129461403E-5
5.06367655078499E-4	1.0355566595086907E-4	7.953375129461403E-5
4.962999192811429E-4	2.7667898261946045E-5	7.953375129461403E-5
5.525830413118937E-4	3.0247866818725044E-5	7.953375129461403E-5
6.274303051401753E-4	1.3300214153771917E-5	7.953375129461403E-5
6.573402265896977E-4	6.236546272497812E-5	7.953375129461403E-5
6.16883006393773E-4	1.2738350357985317E-4	7.953375129461403E-5
5.431788915370439E-4	1.3308601379572808E-4	7.953375129461403E-5
5.40409943223713E-4	1.3216284555169107E-4	7.953375129461403E-5
4.921849159912756E-4	7.254396906455907E-5	7.953375129461403E-5
5.132102337434968E-4	1.039235827551832E-5	7.953375129461403E-5
5.856255546149991E-4	3.077256552283525E-5	7.953375129461403E-5
6.479888921081811E-4	1.8180919747645685E-5	7.953375129461403E-5
6.473477378277793E-4	9.489064057782715E-5	7.953375129461403E-5
5.842319291226028E-4	1.3849386334463532E-4	7.953375129461403E-5
5.433783009116122E-4	1.3360132879662237E-4	7.953375129461403E-5
5.120638536351974E-4	1.123430358448696E-4	7.953375129461403E-5
4.921327596514972E-4	3.7875337597664815E-5	7.953375129461403E-5
5.415803448348411E-4	2.847810893724656E-5	7.953375129461403E-5
6.184117861416649E-4	1.965218928678264E-5	7.953375129461403E-5
6.572858977232088E-4	5.1847002260796415E-5	7.953375129461403E-5
6.250721835995982E-4	1.2202672703276463E-4	7.953375129461403E-5
5.49135495452352E-4	1.3604782730379864E-4	7.953375129461403E-5
5.429784592457243E-4	1.3411170384560622E-4	7.953375129461403E-5
4.936493683376231E-4	8.227592739187828E-5	7.953375129461403E-5
5.060484770736812E-4	7.3834557040020066E-6	7.953375129461403E-5
5.758341149320056E-4	3.302832511530712E-5	7.953375129461403E-5
6.437106899695177E-4	9.446426576228961E-6	7.953375129461403E-5
6.51817768948371E-4	8.677784722985193E-5	7.953375129461403E-5
5.932258901050202E-4	1.3789458184050585E-4	7.953375129461403E-5
5.423778578043936E-4	1.346156262852592E-4	7.953375129461403E-5
5.175813162523746E-4	1.196749552274945E-4	7.953375129461403E-5
4.892232403616581E-4	4.6772064501238164E-5	7.953375129461403E-5
5.325431789786894E-4	2.4920099314790223E-5	7.953375129461403E-5
6.107477890217594E-4	2.5135217249713793E-5	7.953375129461403E-5
6.575506240120293E-4	4.2188884031402196E-5	7.953375129461403E-5
6.332084003551064E-4	1.165260227668774E-4	7.953375129461403E-5
5.583991493432194E-4	1.393774155319591E-4	7.953375129461403E-5
5.427772417371524E-4	1.351198145213327E-4	7.953375129461403E-5
4.963210670140966E-4	9.177715593172708E-5	7.953375129461403E-5
4.998124271681434E-4	1.401324937541637E-5	7.953375129461403E-5
5.659854535181863E-4	3.406499016819775E-5	7.953375129461403E-5
6.386739247311313E-4	7.833962440806364E-6	7.953375129461403E-5
6.561891795941951E-4	7.73396620764033E-5	7.953375129461403E-5
6.036295595066576E-4	1.3571595899579403E-4	7.953375129461403E-5
5.429766327013918E-4	1.35618773911214E-4	7.953375129461403E-5
5.255424169368916E-4	1.2676025416066827E-4	7.953375129461403E-5
4.8796366793772E-4	5.7443919266902954E-5	7.953375129461403E-5
5.230456361850211E-4	2.0529167246846614E-5	7.953375129461403E-5
6.009869066611329E-4	2.9270950950499412E-5	7.953375129461403E-5
6.559519605147113E-4	3.111917164017042E-5	7.953375129461403E-5
6.41554796065813E-4	1.084436342088102E-4	7.953375129461403E-5
5.70022923376462E-4	1.411483557054241E-4	7.953375129461403E-5
5.445767980139238E-4	1.3611658009174768E-4	7.953375129461403E-5
5.017235251396079E-4	1.0220941305388864E-4	7.953375129461403E-5
4.943857253814424E-4	2.3756829606064178E-5	7.953375129461403E-5
5.543372243917155E-4	3.333172616963587E-5	7.953375129461403E-5
6.307215579101355E-4	1.3467293391078439E-5	7.953375129461403E-5
6.590329625830935E-4	6.53594162614568E-5	7.953375129461403E-5
6.152763068056205E-4	1.3074358653972218E-4	7.953375129461403E-5
5.457762438559333E-4	1.3660931622250312E-4	7.953375129461403E-5
5.365727322125813E-4	1.3299886029779356E-4	7.953375129461403E-5
4.894171243398499E-4	6.964843284928968E-5	7.953375129461403E-5
5.141099635536939E-4	1.4650303161195533E-5	7.953375129461403E-5
5.896753776038766E-4	3.229462433933933E-5	7.953375129461403E-5
6.522223883315414E-4	1.9654940166702328E-5	7.953375129461403E-5
6.489981096511922E-4	9.839120698129644E-5	7.953375129461403E-5
5.827386718003646E-4	1.4104726820024505E-4	7.953375129461403E-5
5.473757235614496E-4	1.3709854060004053E-4	7.953375129461403E-5
5.095637083990245E-4	1.1158402794486655E-4	7.953375129461403E-5
4.918636100969057E-4	3.433787789894338E-5	7.953375129461403E-5
5.448673040679974E-4	3.1490528644192994E-5	7.953375129461403E-5
6.235908826243142E-4	1.9998999547000962E-5	7.953375129461403E-5
6.615384668974544E-4	5.410231082092487E-5	7.953375129461403E-5
6.265617159774972E-4	1.2509246634645477E-4	7.953375129461403E-5
5.485752101914154E-4	1.3758511678873235E-4	7.953375129461403E-5
5.483716713214071E-4	1.3770113883057968E-4	7.953375129461403E-5
4.930153690355099E-4	8.071304291201731E-5	7.953375129461403E-5
5.078077566008782E-4	7.58175105319836E-6	7.953375129461403E-5
5.801833750059826E-4	3.4760053773452704E-5	7.953375129461403E-5
6.488466716084995E-4	9.70307737283016E-6	7.953375129461403E-5
6.557901911717389E-4	8.876199059595913E-5	7.953375129461403E-5
5.951159150432983E-4	1.399207066866831E-4	7.953375129461403E-5
5.49775505703537E-4	1.3806980238221131E-4	7.953375129461403E-5
5.181901232133024E-4	1.2013065872361339E-4	7.953375129461403E-5
4.9025870231343E-4	4.549469277009832E-5	7.953375129461403E-5
5.352416965349049E-4	2.8406286821713866E-5	7.953375129461403E-5
6.14938664941167E-4	2.5809724513110865E-5	7.953375129461403E-5
6.61690329379197E-4	4.321146680169585E-5	7.953375129461403E-5
6.357263901902166E-4	1.1862654135880168E-4	7.953375129461403E-5
5.59102509279541E-4	1.4077149231785796E-4	7.953375129461403E-5
5.497750453168915E-4	1.3855051380188085E-4	7.953375129461403E-5
4.96744635555546E-4	9.080064793465237E-5	7.953375129461403E-5
5.020827908476591E-4	1.0754302089605039E-5	7.953375129461403E-5
5.70629865259964E-4	3.636688174651903E-5	7.953375129461403E-5
6.442632310615648E-4	6.115874705142632E-6	7.953375129461403E-5
6.606642338354042E-4	7.936863839394515E-5	7.953375129461403E-5
6.058995656808563E-4	1.3793345260998402E-4	7.953375129461403E-5
5.505745719020794E-4	1.3903095571819239E-4	7.953375129461403E-5
5.263596551625394E-4	1.272678823152698E-4	7.953375129461403E-5
4.893739646673334E-4	5.5794159473321336E-5	7.953375129461403E-5
5.26561792145358E-4	2.3904716381889513E-5	7.953375129461403E-5
6.063365720415659E-4	3.061798471154162E-5	7.953375129461403E-5
6.611728060158667E-4	3.266813962016224E-5	7.953375129461403E-5
6.445805529382842E-4	1.112490458655413E-4	7.953375129461403E-5
5.706542526152936E-4	1.4295410717566487E-4	7.953375129461403E-5
5.513741271199746E-4	1.3950776500576832E-4	7.953375129461403E-5
5.018288290442319E-4	1.012820144903337E-4	7.953375129461403E-5
4.965178775393486E-4	2.0780914340517986E-5	7.953375129461403E-5
5.593109764832349E-4	3.5940271213036334E-5	7.953375129461403E-5
6.369010437065614E-4	1.2349817686815867E-5	7.953375129461403E-5
6.633776638056074E-4	6.856495306306609E-5	7.953375129461403E-5
6.162116995108713E-4	1.3410367660138256E-4	7.953375129461403E-5
5.513745015309768E-4	1.3997875285184455E-4	7.953375129461403E-5
5.353859592582277E-4	1.3368532254850324E-4	7.953375129461403E-5
4.891461499547944E-4	6.719829757906304E-5	7.953375129461403E-5
5.169314797126706E-4	1.8172606527533386E-5	7.953375129461403E-5
5.951390299692438E-4	3.413110358352171E-5	7.953375129461403E-5
6.573201903732895E-4	2.207406665263867E-5	7.953375129461403E-5
6.505003513229413E-4	1.0289641087452006E-4	7.953375129461403E-5
5.804661796909028E-4	1.4381140440671014E-4	7.953375129461403E-5
5.509740958348774E-4	1.404505735592497E-4	7.953375129461403E-5
5.063926758492598E-4	1.1066891490295327E-4	7.953375129461403E-5
4.909967408764596E-4	3.0815619389057414E-5	7.953375129461403E-5
5.474585086592265E-4	3.4155238514771424E-5	7.953375129461403E-5
6.2783620131307E-4	2.0035923823963353E-5	7.953375129461403E-5
6.638067995773794E-4	5.780540989022698E-5	7.953375129461403E-5
6.247489571052367E-4	1.2924871296773888E-4	7.953375129461403E-5
5.507737078397079E-4	1.4091942029115153E-4	7.953375129461403E-5
5.438108510987527E-4	1.3875634742468654E-4	7.953375129461403E-5
4.896312560576932E-4	7.741771836128342E-5	7.953375129461403E-5
5.086378994989676E-4	1.1019636284720358E-5	7.953375129461403E-5
5.846853365994442E-4	3.635522425149418E-5	7.953375129461403E-5
6.534268641127938E-4	1.1829692293963134E-5	7.953375129461403E-5
6.568092877679045E-4	9.349334025945955E-5	7.953375129461403E-5
5.919558526287227E-4	1.432375402711239E-4	7.953375129461403E-5
5.521732946155156E-4	1.4138554736406033E-4	7.953375129461403E-5
5.13836102467774E-4	1.188979507821264E-4	7.953375129461403E-5
4.891410836967772E-4	4.049471697947782E-5	7.953375129461403E-5
5.390673833974291E-4	3.098739822876562E-5	7.953375129461403E-5
6.212220011207192E-4	2.6498997139468017E-5	7.953375129461403E-5
6.658488519932088E-4	4.750551513443835E-5	7.953375129461403E-5
6.349848886065546E-4	1.2376893837023895E-4	7.953375129461403E-5
5.548483109311386E-4	1.4239378692564204E-4	7.953375129461403E-5
5.521737074884459E-4	1.4184853530124905E-4	7.953375129461403E-5
4.931313412136068E-4	8.794613928755912E-5	7.953375129461403E-5
5.024630751346709E-4	5.91798046914449E-6	7.953375129461403E-5
5.749285592811793E-4	3.7885758824497684E-5	7.953375129461403E-5
6.489348711040399E-4	4.907500476714066E-6	7.953375129461403E-5
6.613499027686575E-4	8.48615858981272E-5	7.953375129461403E-5
6.015850160455416E-4	1.4206988030363021E-4	7.953375129461403E-5
5.513733159102363E-4	1.423097678708891E-4	7.953375129461403E-5
5.202585624459743E-4	1.264797400624823E-4	7.953375129461403E-5
4.8633560689470556E-4	5.068405913705165E-5	7.953375129461403E-5
5.288205621318265E-4	2.7246277705395006E-5	7.953375129461403E-5
6.116368267202466E-4	3.157380481516592E-5	7.953375129461403E-5
6.647385983962473E-4	3.6673129255593295E-5	7.953375129461403E-5
6.431209678864624E-4	1.1679483551596537E-4	7.953375129461403E-5
5.651473957208053E-4	1.452024928587127E-4	7.953375129461403E-5
5.523728995712462E-4	1.4276823351180016E-4	7.953375129461403E-5
4.968141677077209E-4	9.794963784137689E-5	7.953375129461403E-5
4.964405005508307E-4	1.4605068749534711E-5	7.953375129461403E-5
5.643996978927368E-4	3.809812643058852E-5	7.953375129461403E-5
6.430466573741911E-4	1.112102525509251E-5	7.953375129461403E-5
6.657478135019962E-4	7.415589963319369E-5	7.953375129461403E-5
6.132108053810148E-4	1.3885624381598793E-4	7.953375129461403E-5
5.529725053624035E-4	1.4322363796646925E-4	7.953375129461403E-5
5.299755175883769E-4	1.3337460864520922E-4	7.953375129461403E-5
4.867942191686264E-4	6.161889335229431E-5	7.953375129461403E-5
5.206486543756494E-4	2.1125044614572763E-5	7.953375129461403E-5
6.027810282683843E-4	3.5699682763421685E-5	7.953375129461403E-5
6.636169173053763E-4	2.6117319985252685E-5	7.953375129461403E-5
6.515339508356352E-4	1.0898887777716082E-4	7.953375129461403E-5
5.767959224791119E-4	1.4677756180250107E-4	7.953375129461403E-5
5.535729604979611E-4	1.4367720843616363E-4	7.953375129461403E-5
5.027726100122476E-4	1.0734196748388158E-4	7.953375129461403E-5
4.927791009633961E-4	2.373856807874608E-5	7.953375129461403E-5
5.554161511250044E-4	3.675270393792285E-5	7.953375129461403E-5
6.37590954510131E-4	1.9498378940052685E-5	7.953375129461403E-5
6.700635752911743E-4	6.34135892774168E-5	7.953375129461403E-5
6.253290140875167E-4	1.3457272018344013E-4	7.953375129461403E-5
5.5537255884619E-4	1.4412846893827717E-4	7.953375129461403E-5
5.413279889452949E-4	1.392915056033575E-4	7.953375129461403E-5
4.891635531280303E-4	7.30017256215243E-5	7.953375129461403E-5
5.133793676971171E-4	1.4937384336333182E-5	7.953375129461403E-5
5.934048337296605E-4	3.8458477242788586E-5	7.953375129461403E-5
6.614589481547806E-4	1.528260629515832E-5	7.953375129461403E-5
6.598762816559384E-4	9.960219469082321E-5	7.953375129461403E-5
5.899941471641523E-4	1.4681289642419493E-4	7.953375129461403E-5
5.561721985617163E-4	1.4457822323760356E-4	7.953375129461403E-5
5.110093800242688E-4	1.1700167694644881E-4	7.953375129461403E-5
4.902096273422529E-4	3.488947153301725E-5	7.953375129461403E-5
5.454105623725614E-4	3.419084834475894E-5	7.953375129461403E-5
6.297053529352725E-4	2.637438560831873E-5	7.953375129461403E-5
6.710283923751781E-4	5.3251533658982275E-5	7.953375129461403E-5
6.340680498525819E-4	1.2976329158417843E-4	7.953375129461403E-5
5.545718395285337E-4	1.4502426104345058E-4	7.953375129461403E-5
