# EMSIM OUTPUT FILE 
# PARAMETERS OF SIMULATION RUN 
# ---------------------------- 
# Mode               : 1 
# Magnetic field?      true
# Failing field?       true
# Point charge?        false
# Electric field?      true
# Magnetic strength  : 1.0E-7T 
# Electric strength  : 1.0E-7NC^-1 
# Phase              : 1.5707963267948966
# Algorithm          : 3
# Time-step          : 1.0E-6s 
# Number of Turns    : 100.0
# Number of particles: 10
# Spread in x        : 1.0E-4m 
# Spread in y        : 1.0E-4m 
# Spread in z        : 1.0E-4m 
# ----------------------------- 
x 	 y 	 z 
0.006338553116828381	0.01224545413515749	1.6113690803351476E-5
0.020122301571615087	0.014200546379973956	1.6113690803351476E-5
0.029650701424644363	0.004050399498161351	1.6113690803351476E-5
0.025444444278328177	-0.01342203656216896	1.6113690803351476E-5
0.007561367110706993	-0.0211158430989495	1.6113690803351476E-5
-0.00901934414370045	-0.010913755087538779	1.6113690803351476E-5
-0.01202753521607259	-4.917409909902514E-5	1.6113690803351476E-5
-0.009812246579281063	0.010403551688452296	1.6113690803351476E-5
0.008742980502299814	0.025231471748618773	1.6113690803351476E-5
0.031545908379179526	0.01858351551717809	1.6113690803351476E-5
0.03917935881335102	-0.004492132097489716	1.6113690803351476E-5
0.023072193195714262	-0.026625864104703918	1.6113690803351476E-5
-0.004298478951856191	-0.026183079115169663	1.6113690803351476E-5
-0.01968141424566821	-0.00353971519277903	1.6113690803351476E-5
-0.019887166790468952	-4.917389443351527E-5	1.6113690803351476E-5
-0.00885722288262232	0.02464913980840551	1.6113690803351476E-5
0.020748448450725755	0.0322666826052459	1.6113690803351476E-5
0.044010262007823216	0.012431881419999421	1.6113690803351476E-5
0.04066390187279272	-0.01971017002700918	1.6113690803351476E-5
0.011618104560511728	-0.036324903061823614	1.6113690803351476E-5
-0.018681155927954357	-0.022123748777941914	1.6113690803351476E-5
-0.026162904412542116	-4.880666942244505E-5	1.6113690803351476E-5
-0.02436266395830723	0.011692534676835103	1.6113690803351476E-5
0.001124182032504234	0.037291473710063486	1.6113690803351476E-5
0.036725033483386536	0.03116968091210076	1.6113690803351476E-5
0.05219509359592959	-0.0015748749078035717	1.6113690803351476E-5
0.0331699921228978	-0.035162587742885984	1.6113690803351476E-5
-0.005248359946094513	-0.038921954190262564	1.6113690803351476E-5
-0.03042380557391184	-0.009659124156573799	1.6113690803351476E-5
-0.031541201335343175	-4.874376263541438E-5	1.6113690803351476E-5
-0.020333410477504504	0.029443660242187916	1.6113690803351476E-5
0.01789306415363356	0.044074127326409716	1.6113690803351476E-5
0.05185046904471019	0.021221907420137368	1.6113690803351476E-5
0.05244372748926123	-0.020761023754338435	1.6113690803351476E-5
0.017676937934271966	-0.046291596936774065	1.6113690803351476E-5
-0.023206328414441698	-0.03253967245586463	1.6113690803351476E-5
-0.03632254316545354	-4.8928426850535315E-5	1.6113690803351476E-5
-0.03543501584789512	0.009241575834653154	1.6113690803351476E-5
-0.00736872041884884	0.04471002684856342	1.6113690803351476E-5
0.037789031765217564	0.0421557863377946	1.6113690803351476E-5
0.06167695181580033	0.003748329077500298	1.6113690803351476E-5
0.04321084690688357	-0.039562637287719804	1.6113690803351476E-5
-0.0029710684804771636	-0.04947299306641366	1.6113690803351476E-5
-0.03764392844727706	-0.017398116410263866	1.6113690803351476E-5
-0.040669876186522735	-4.8813686795568985E-5	1.6113690803351476E-5
-0.030975006426191182	0.030611934068587105	1.6113690803351476E-5
0.012639844999253653	0.05328284288393598	1.6113690803351476E-5
0.05627385896510004	0.030648347825446544	1.6113690803351476E-5
0.06274133341478216	-0.018743611369054003	1.6113690803351476E-5
0.025326861541675662	-0.05340799812806699	1.6113690803351476E-5
-0.024550770632358235	-0.042744598425661126	1.6113690803351476E-5
-0.044683169769048514	-4.9031929065329435E-5	1.6113690803351476E-5
-0.0445150957720482	0.004335285459806857	1.6113690803351476E-5
-0.016672745060357354	0.04918514720741116	1.6113690803351476E-5
0.03602998366917385	0.05221079518282726	1.6113690803351476E-5
0.06882242605780946	0.010841562014807656	1.6113690803351476E-5
0.05332225954090382	-0.04107993497131702	1.6113690803351476E-5
0.001664756088768862	-0.05850062996370719	1.6113690803351476E-5
-0.04230126869131996	-0.02626719683612977	1.6113690803351476E-5
-0.04842940411983548	-4.8588389611894975E-5	1.6113690803351476E-5
-0.041006265872229004	0.029105346126223175	1.6113690803351476E-5
0.005582703842726407	0.06051706375219976	1.6113690803351476E-5
0.05807739780484276	0.04047799745367059	1.6113690803351476E-5
0.07183662479403735	-0.014393686500199607	1.6113690803351476E-5
0.03416638377745195	-0.05825058091211151	1.6113690803351476E-5
-0.023377664032283238	-0.0526660060786766	1.6113690803351476E-5
-0.051912114907723295	-0.0023835966633350154	1.6113690803351476E-5
-0.05195556531135537	-4.8623427521583766E-5	1.6113690803351476E-5
-0.02652104528847042	0.05124599364130203	1.6113690803351476E-5
0.032005608923963445	0.06136570486836086	1.6113690803351476E-5
0.07395109385823094	0.019313517396279387	1.6113690803351476E-5
0.06333854866100898	-0.040202910154473574	1.6113690803351476E-5
0.008185342446107385	-0.06610974909249821	1.6113690803351476E-5
-0.044733095919145094	-0.03589860198862613	1.6113690803351476E-5
-0.05529664297921242	-4.861086435420264E-5	1.6113690803351476E-5
-0.05034393392297684	0.0253769148845575	1.6113690803351476E-5
-0.0028765562821324556	0.06593722633189235	1.6113690803351476E-5
0.057606808963054736	0.050442417459888034	1.6113690803351476E-5
0.07971474482184485	-0.00813183181885187	1.6113690803351476E-5
0.043855542541132164	-0.0610248460517002	1.6113690803351476E-5
-0.020038056662435133	-0.06211973969270643	1.6113690803351476E-5
-0.05768878913662077	-0.010485926893357632	1.6113690803351476E-5
-0.05847882901110665	-4.855759950013182E-5	1.6113690803351476E-5
-0.036633788941159796	0.051136046136522	1.6113690803351476E-5
0.026065637845139385	0.06951164103192807	1.6113690803351476E-5
0.07716467617204499	0.028795451892441867	1.6113690803351476E-5
0.07303852860538873	-0.03720623313031847	1.6113690803351476E-5
0.01624697362668606	-0.07226164679671054	1.6113690803351476E-5
-0.04509728040236356	-0.045973130087451415	1.6113690803351476E-5
-0.06152311685601863	-4.847354210474889E-5	1.6113690803351476E-5
-0.05882832258940599	0.019725582860514453	1.6113690803351476E-5
-0.012408341218731363	0.06957158942386947	1.6113690803351476E-5
0.05506801228200475	0.06027517463444572	1.6113690803351476E-5
0.08627984443803398	-2.728632282031166E-4	1.6113690803351476E-5
0.054087847760771836	-0.061822200307186596	1.6113690803351476E-5
-0.014777336946191634	-0.07089672008681024	1.6113690803351476E-5
-0.061815171184315766	-0.019786574386811574	1.6113690803351476E-5
-0.06444570110609418	-4.8359878335466834E-5	1.6113690803351476E-5
-0.04673708151317857	0.04900516416739267	1.6113690803351476E-5
0.018485539317111988	0.07650177292426137	1.6113690803351476E-5
0.07849686102431155	0.03896857431907817	1.6113690803351476E-5
0.08219178901585772	-0.03229142145357015	1.6113690803351476E-5
0.02555617449549187	-0.07687625223541628	1.6113690803351476E-5
-0.04349324208019852	-0.056197139376851946	1.6113690803351476E-5
-0.06726117711212429	-4.822376275634384E-5	1.6113690803351476E-5
-0.06628231601653513	0.012394850584727746	1.6113690803351476E-5
-0.022715196175905464	0.07140839771581046	1.6113690803351476E-5
0.05061889411011744	0.06971924160093865	1.6113690803351476E-5
0.09142302345245579	0.008761760962511139	1.6113690803351476E-5
0.06457462998208122	-0.060699159501058954	1.6113690803351476E-5
-0.007805116972128214	-0.07878818038967	1.6113690803351476E-5
-0.06423839915746661	-0.02998883430223725	1.6113690803351476E-5
-0.06997894098884647	-4.884839451768869E-5	1.6113690803351476E-5
-0.05656781602412228	0.04497461084491943	1.6113690803351476E-5
0.009513224191618912	0.08218556988856478	1.6113690803351476E-5
0.07796449587500627	0.049538433334796426	1.6113690803351476E-5
0.09057343061706845	-0.02563675936056689	1.6113690803351476E-5
0.03584020076729666	-0.0798674179388067	1.6113690803351476E-5
-0.04000494861121474	-0.06629323040663913	1.6113690803351476E-5
-0.07260958922081096	-4.869699464116386E-5	1.6113690803351476E-5
-0.07253068420956808	0.0036102479290600837	1.6113690803351476E-5
-0.03351341206636206	0.07143102708241521	1.6113690803351476E-5
0.044407489695598434	0.0785299601856277	1.6113690803351476E-5
0.0950386837502544	0.018875956599514444	1.6113690803351476E-5
0.0750409534635602	-0.057708817056957656	1.6113690803351476E-5
6.790116250047169E-4	-0.08559592725101775	1.6113690803351476E-5
-0.06490917515679272	-0.04081158917656939	1.6113690803351476E-5
-0.07516051875735116	-4.8528642172187815E-5	1.6113690803351476E-5
-0.06587334996429146	0.03916325791317162	1.6113690803351476E-5
-6.099708276826915E-4	0.08642238472670069	1.6113690803351476E-5
0.0755901325208002	0.060224340011141436	1.6113690803351476E-5
0.09797104442619242	-0.01741956988825072	1.6113690803351476E-5
0.046833047937676536	-0.08116103207653577	1.6113690803351476E-5
-0.03472356703366131	-0.07599881206572576	1.6113690803351476E-5
-0.07741685215135986	-0.006317576128731489	1.6113690803351476E-5
-0.07763872685168276	-4.834480765618059E-5	1.6113690803351476E-5
-0.0445293298582532	0.06963526077451303	1.6113690803351476E-5
0.03658658425223817	0.08647876666698903	1.6113690803351476E-5
0.09702658716877746	0.02981692557606296	1.6113690803351476E-5
0.08522281117741089	-0.052916285817967736	1.6113690803351476E-5
0.010471020566800878	-0.09113933847079558	1.6113690803351476E-5
-0.06379601813211498	-0.05198191781176227	1.6113690803351476E-5
-0.08005001105975817	-4.8145770377771335E-5	1.6113690803351476E-5
-0.07441619696671922	0.031700865550877776	1.6113690803351476E-5
-0.011642266270919861	0.0890907221770171	1.6113690803351476E-5
0.0714124982550401	0.07075675139121056	1.6113690803351476E-5
0.10418924899992235	-0.007825366410184206	1.6113690803351476E-5
0.05827134002497032	-0.08070252214122546	1.6113690803351476E-5
-0.02775520221231023	-0.08506558302964361	1.6113690803351476E-5
-0.08081132148450453	-0.0172075064612776	1.6113690803351476E-5
-0.08239996913211546	-4.883068016659181E-5	1.6113690803351476E-5
-0.0554965147081089	0.06603598492975442	1.6113690803351476E-5
0.027320517984332805	0.0933541592406063	1.6113690803351476E-5
0.09730716272734109	0.041326446547957814	1.6113690803351476E-5
0.0948663884466645	-0.04640507081852919	1.6113690803351476E-5
0.02135689339032447	-0.09525826322961337	1.6113690803351476E-5
-0.06089074491209887	-0.0632320591903065	1.6113690803351476E-5
-0.0846921990432823	-4.8623170192482013E-5	1.6113690803351476E-5
-0.08197575884898091	0.02273356488562463	1.6113690803351476E-5
-0.023337951735389544	0.09009280943525866	1.6113690803351476E-5
0.06549224099510313	0.08087704635795973	1.6113690803351476E-5
0.1090539750563948	0.0029143505597556342	1.6113690803351476E-5
0.06989344861398332	-0.07846162133186335	1.6113690803351476E-5
-0.019224920188839506	-0.09326081694251025	1.6113690803351476E-5
-0.0825961736579782	-0.028877131398076517	1.6113690803351476E-5
-0.08693149888930818	-4.840310209079379E-5	1.6113690803351476E-5
-0.06615479685485992	0.060673373372885586	1.6113690803351476E-5
0.016791901162232305	0.0989665980154348	1.6113690803351476E-5
0.09583050307079688	0.05314627766621908	1.6113690803351476E-5
0.10373486616157729	-0.038281788651541776	1.6113690803351476E-5
0.033114037834352995	-0.09781868435902535	1.6113690803351476E-5
-0.05621093019714516	-0.07430120756686258	1.6113690803351476E-5
-0.08912166697021554	-4.8169043398555405E-5	1.6113690803351476E-5
-0.08835059978188264	0.012426060611138596	1.6113690803351476E-5
-0.035446722502557086	0.08935805066954593	1.6113690803351476E-5
0.05791530653427995	0.09033929745283895	1.6113690803351476E-5
0.11242494879332417	0.014535536344026377	1.6113690803351476E-5
0.0814406135823423	-0.07443683446272033	1.6113690803351476E-5
-0.009280096302898111	-0.10037150258322113	1.6113690803351476E-5
-0.08268169353732174	-0.04108287446870121	1.6113690803351476E-5
-0.0912653016794517	-4.792540725764936E-5	1.6113690803351476E-5
-0.07625602579221377	0.053613287932269604	1.6113690803351476E-5
0.005196295408622062	0.10314894330127121	1.6113690803351476E-5
0.09257132731517413	0.06501826051128372	1.6113690803351476E-5
0.11160389860300164	-0.028675340480350888	1.6113690803351476E-5
0.04550800172759103	-0.09871116106408714	1.6113690803351476E-5
-0.04980188110600872	-0.08493454779963873	1.6113690803351476E-5
-0.09336520153818283	-4.867438361969486E-5	1.6113690803351476E-5
-0.0933603613533946	9.615414651455925E-4	1.6113690803351476E-5
-0.047715449063266	0.08684339682509906	1.6113690803351476E-5
0.04879162845846485	0.09891078586302016	1.6113690803351476E-5
0.11417871396101363	0.02691180161884442	1.6113690803351476E-5
0.09265760853988336	-0.06865335896236603	1.6113690803351476E-5
0.0019123052795352727	-0.10620246530021782	1.6113690803351476E-5
-0.08100381212555366	-0.053574987506014804	1.6113690803351476E-5
-0.09542376515933805	-4.842638713254093E-5	1.6113690803351476E-5
-0.08556038015665718	0.04494840314543722	1.6113690803351476E-5
-0.007252195140915307	0.10575899194596652	1.6113690803351476E-5
0.08753682048231588	0.07668611346000204	1.6113690803351476E-5
0.11827013481150904	-0.017738408455343184	1.6113690803351476E-5
0.05829763747751235	-0.0978557972034237	1.6113690803351476E-5
-0.04173624366339064	-0.09488747497898911	1.6113690803351476E-5
-0.09685323764245707	-0.011354264905700628	1.6113690803351476E-5
-0.09744339124043402	-4.8166926508873514E-5	1.6113690803351476E-5
-0.059889085964110966	0.08253582221678182	1.6113690803351476E-5
0.0382571832853449	0.10637523286196604	1.6113690803351476E-5
0.1142164952131854	0.03980734121931938	1.6113690803351476E-5
0.10329607336847937	-0.06116699391522095	1.6113690803351476E-5
0.01416381400324489	-0.1105825686099367	1.6113690803351476E-5
-0.07753091954012736	-0.0661007765735545	1.6113690803351476E-5
-0.09942687852776583	-4.789734262456715E-5	1.6113690803351476E-5
-0.09384464335439681	0.03479806746937946	1.6113690803351476E-5
-0.020328303930670776	0.10668134076088145	1.6113690803351476E-5
0.08076140633890039	0.0878977143673746	1.6113690803351476E-5
0.12354794772084376	-0.00564578523028012	1.6113690803351476E-5
0.0712326755928811	-0.09520228567221133	1.6113690803351476E-5
-0.032117346263939375	-0.10392731598950791	1.6113690803351476E-5
-0.09870689078460218	-0.02440823377716135	1.6113690803351476E-5
-0.10137502589321623	-4.869892412727252E-5	1.6113690803351476E-5
-0.07171615100447191	0.07645418348670574	1.6113690803351476E-5
0.02647167953796995	0.11253704231341466	1.6113690803351476E-5
0.11246978979539671	0.052978262900322884	1.6113690803351476E-5
0.11311815840493483	-0.05206285641510904	1.6113690803351476E-5
0.027268151407830905	-0.1133658932970127	1.6113690803351476E-5
-0.07226214976821452	-0.07840724219106561	1.6113690803351476E-5
-0.10329083222277263	-4.8426912276314624E-5	1.6113690803351476E-5
-0.10090247196014851	0.023308208132857885	1.6113690803351476E-5
-0.033793583082050715	0.10583188658934335	1.6113690803351476E-5
0.07231384087429321	0.09841037309163324	1.6113690803351476E-5
0.1272820532776403	0.007347407423988353	1.6113690803351476E-5
0.08406360154565058	-0.09073314650815634	1.6113690803351476E-5
-0.02107378813379186	-0.11183869071908821	1.6113690803351476E-5
-0.09881853239812344	-0.03797953451168827	1.6113690803351476E-5
-0.10517509651133222	-4.814514014938797E-5	1.6113690803351476E-5
-0.08294977964239475	0.06864802242886191	1.6113690803351476E-5
0.013617609033482653	0.11722270142083097	1.6113690803351476E-5
0.10890160468448531	0.0661753960999556	1.6113690803351476E-5
0.12189979616233149	-0.04145478372097311	1.6113690803351476E-5
0.04100343233240999	-0.11443439688804975	1.6113690803351476E-5
-0.06522845970185631	-0.09024473693705698	1.6113690803351476E-5
-0.10702981777658745	-4.7852416041519536E-5	1.6113690803351476E-5
-0.10654859219121329	0.010648111488272579	1.6113690803351476E-5
-0.04740353228362445	0.10315539873484073	1.6113690803351476E-5
0.0622890444248754	0.10799125822477718	1.6113690803351476E-5
0.12934591514936428	0.021046829832983522	1.6113690803351476E-5
0.09653837439154422	-0.08446057231133586	1.6113690803351476E-5
-0.008760657910959719	-0.1184226941387928	1.6113690803351476E-5
-0.0971148052534004	-0.05182713205120611	1.6113690803351476E-5
-0.10885579509694493	-4.870663341501991E-5	1.6113690803351476E-5
-0.09335142716798792	0.05919690750983156	1.6113690803351476E-5
-1.0276124627741682E-4	0.12028277582096641	1.6113690803351476E-5
0.10350601827992201	0.07914724580118267	1.6113690803351476E-5
0.1294328156085542	-0.029483287384945458	1.6113690803351476E-5
0.05513513957804483	-0.11369830262788097	1.6113690803351476E-5
-0.05649115119110564	-0.10136945886080384	1.6113690803351476E-5
-0.11062002530366298	-0.0029692053474615517	1.6113690803351476E-5
-0.11065502757696669	-4.841339921282061E-5	1.6113690803351476E-5
-0.06090750272372544	0.0986288867358471	1.6113690803351476E-5
0.050812653146444765	0.11642260952896949	1.6113690803351476E-5
0.12963516645970094	0.03527374249478872	1.6113690803351476E-5
0.10841085117585246	-0.07642965064088356	1.6113690803351476E-5
0.004643865960144	-0.12350335067028462	1.6113690803351476E-5
-0.09355396572871988	-0.06570347665294841	1.6113690803351476E-5
-0.11242811440024197	-4.811230129910328E-5	1.6113690803351476E-5
-0.10269512161392627	0.04821025902987838	1.6113690803351476E-5
-0.014469893698607756	0.12159545145659677	1.6113690803351476E-5
0.0963097218112288	0.09164424233450441	1.6113690803351476E-5
0.13552938930883893	-0.01631430388444712	1.6113690803351476E-5
0.06941978907773243	-0.11109885480861247	1.6113690803351476E-5
-0.04614193146802553	-0.11154787089703454	1.6113690803351476E-5
-0.11298671022116993	-0.017279048055959142	1.6113690803351476E-5
-0.11417625476283254	-4.780192778498865E-5	1.6113690803351476E-5
-0.07405452023049648	0.09226035951325222	1.6113690803351476E-5
0.03803529506472514	0.1235031698385068	1.6113690803351476E-5
0.12807153520656225	0.04978858791059374	1.6113690803351476E-5
0.11944039147354864	-0.06671524908449777	1.6113690803351476E-5
0.018940198576715903	-0.12692672578505917	1.6113690803351476E-5
-0.08812482587271488	-0.07935659673402365	1.6113690803351476E-5
-0.11590004789767874	-4.8704589981859536E-5	1.6113690803351476E-5
-0.11076898594513754	0.03582458070642982	1.6113690803351476E-5
-0.02925058749641163	0.12106528733119676	1.6113690803351476E-5
0.08736845670214291	0.10342007485090102	1.6113690803351476E-5
0.1400206387114313	-0.0021365087186833334	1.6113690803351476E-5
0.08360551757029716	-0.10660718701898474	1.6113690803351476E-5
-0.034302456358681586	-0.12055808470294094	1.6113690803351476E-5
-0.11354119256354077	-0.03213710363849304	1.6113690803351476E-5
-0.11760169304156164	-4.839287014276368E-5	1.6113690803351476E-5
-0.08659573727850114	0.08409004769896918	1.6113690803351476E-5
0.024132901434326864	0.12905228443454622	1.6113690803351476E-5
0.12460832747780858	0.06434328990862632	1.6113690803351476E-5
0.12939740972553979	-0.055423568229631674	1.6113690803351476E-5
0.03390893249018851	-0.128567015447787	1.6113690803351476E-5
-0.08085116308983525	-0.09253555185514235	1.6113690803351476E-5
-0.11928138950941002	-4.80721403759679E-5	1.6113690803351476E-5
-0.11738253149770568	0.02220388562451027	1.6113690803351476E-5
-0.04420131606254854	0.11863040800354624	1.6113690803351476E-5
0.07677148768047132	0.11423954040884993	1.6113690803351476E-5
0.14277009497304893	0.012760393519675672	1.6113690803351476E-5
0.09744044657242512	-0.10022865685421307	1.6113690803351476E-5
-0.021121875292194538	-0.12819690545668294	1.6113690803351476E-5
-0.11220293471865668	-0.047304236652319503	1.6113690803351476E-5
-0.12093953663134796	-4.77433802083456E-5	1.6113690803351476E-5
-0.0982893829505732	0.074190871465519	1.6113690803351476E-5
0.009304326875558235	0.13291438273888878	1.6113690803351476E-5
0.11923280930968734	0.0786859420464975	1.6113690803351476E-5
0.13806931278774665	-0.04268910871050996	1.6113690803351476E-5
0.04931851812069572	-0.12832622269925173	1.6113690803351476E-5
-0.07178525347825081	-0.10499309360667608	1.6113690803351476E-5
-0.12257733376131881	-4.869329942160379E-5	1.6113690803351476E-5
-0.12236354313574366	0.007535277066899632	1.6113690803351476E-5
-0.05906945539722574	0.11425855871190232	1.6113690803351476E-5
0.06463826398161071	0.12387842456321244	1.6113690803351476E-5
0.14367063914543052	0.028221921410777825	1.6113690803351476E-5
0.11067461134280004	-0.09200011060767199	1.6113690803351476E-5
-0.006773781549099765	-0.13428040879585243	1.6113690803351476E-5
-0.10892101100209273	-0.06253199353563686	1.6113690803351476E-5
-0.12419578026323462	-4.836365948260497E-5	1.6113690803351476E-5
-0.1089030482223697	0.06266521278560219	1.6113690803351476E-5
-0.006233030213488797	0.13495817288419393	1.6113690803351476E-5
0.11196260374032466	0.0925631087257679	1.6113690803351476E-5
0.14525932033911007	-0.028673353455601493	1.6113690803351476E-5
0.06492341195810308	-0.12613676998332432	1.6113690803351476E-5
-0.06101332504401873	-0.11648998888317125	1.6113690803351476E-5
-0.12556823162395175	-0.007926954079362664	1.6113690803351476E-5
-0.12579487555667282	-4.802686032119312E-5	1.6113690803351476E-5
-0.0736013356459381	0.10795035969683178	1.6113690803351476E-5
0.05111492055564553	0.1321290147726609	1.6113690803351476E-5
0.14263625342776773	0.04402256987909479	1.6113690803351476E-5
0.12306248808634601	-0.08198990257118369	1.6113690803351476E-5
0.008544758536271973	-0.13864691886735192	1.6113690803351476E-5
-0.10367645238725719	-0.07756600958511722	1.6113690803351476E-5
-0.12737561904925834	-4.768180267467287E-5	1.6113690803351476E-5
-0.1182179666549623	0.049644938155027796	1.6113690803351476E-5
-0.022245544137289575	0.13508040169910152	1.6113690803351476E-5
0.1028475612568486	0.10572412837154473	1.6113690803351476E-5
0.15079154539535966	-0.013562228364641452	1.6113690803351476E-5
0.0804703929735145	-0.12196165841493585	1.6113690803351476E-5
-0.04865073772500505	-0.126797742469115	1.6113690803351476E-5
-0.12688417088729986	-0.02396128381962803	1.6113690803351476E-5
-0.1289386101680118	-4.7329308973798085E-5	1.6113690803351476E-5
-0.087542766805425	0.09973790242138253	1.6113690803351476E-5
0.036373804283525824	0.1388016042022589	1.6113690803351476E-5
0.1396107775434395	0.05991198744079554	1.6113690803351476E-5
0.13436685424052308	-0.07029761756557194	1.6113690803351476E-5
0.024615568232046185	-0.1411601699606088	1.6113690803351476E-5
-0.09648355848433982	-0.09214992392043454	1.6113690803351476E-5
-0.13048424840039763	-4.832912061172457E-5	1.6113690803351476E-5
-0.1260331987892217	0.03529005926363049	1.6113690803351476E-5
-0.038486567229508266	0.1332090795692849	1.6113690803351476E-5
0.09197085109679123	0.11792616301074708	1.6113690803351476E-5
0.15451606016319805	0.002423086605755249	1.6113690803351476E-5
0.09570291703771558	-0.11579777344567924	1.6113690803351476E-5
-0.034842437319438556	-0.13570455128668682	1.6113690803351476E-5
-0.1262226817002539	-0.040372603388953134	1.6113690803351476E-5
-0.13201413319924946	-4.797621725938987E-5	1.6113690803351476E-5
-0.10064501435057355	0.0896871914900044	1.6113690803351476E-5
0.02061207637062334	0.14373086617033734	1.6113690803351476E-5
0.1345724806156152	0.0756339587844693	1.6113690803351476E-5
0.1443658782728705	-0.05705379004119843	1.6113690803351476E-5
0.04120422077633041	-0.14171388088197642	1.6113690803351476E-5
-0.08739029117886653	-0.10603092325260946	1.6113690803351476E-5
-0.13352786407480918	-4.761452317370021E-5	1.6113690803351476E-5
-0.1321700642172512	0.019785653075790558	1.6113690803351476E-5
-0.05470251811659149	0.12930337090438188	1.6113690803351476E-5
0.07944434996644323	0.12893715220085875	1.6113690803351476E-5
0.15631348806129355	0.018997090994394818	1.6113690803351476E-5
0.11036293701696703	-0.10767360813065174	1.6113690803351476E-5
-0.01976047087188426	-0.1430163014392171	1.6113690803351476E-5
-0.12352425117032864	-0.05690908937318178	1.6113690803351476E-5
-0.13502624054768228	-4.7245679517690386E-5	1.6113690803351476E-5
-0.11266811611701702	0.07789488727902567	1.6113690803351476E-5
0.004046587685187442	0.1467756301413455	1.6113690803351476E-5
0.12753037779960227	0.09092940444795057	1.6113690803351476E-5
0.1528529046253596	-0.042415860782582866	1.6113690803351476E-5
0.05806318054025359	-0.14022933488252368	1.6113690803351476E-5
-0.07647453054936942	-0.1189610008977266	1.6113690803351476E-5
-0.13650946215071275	-4.828846359098932E-5	1.6113690803351476E-5
-0.13647081308169878	0.003339358624040198	1.6113690803351476E-5
-0.07063259351549202	0.1233540939766469	1.6113690803351476E-5
0.0654107882353294	0.13853889132897948	1.6113690803351476E-5
0.15609131866523146	0.03599332524839642	1.6113690803351476E-5
0.12419724259600606	-0.09765023068819274	1.6113690803351476E-5
-0.0036002391475603475	-0.14856059291452364	1.6113690803351476E-5
-0.11876005257920158	-0.07331132495052141	1.6113690803351476E-5
-0.13797792839895553	-4.7920246371554893E-5	1.6113690803351476E-5
-0.12338321547013209	0.0644877532429415	1.6113690803351476E-5
-0.013087320872825249	0.1478216174151394	1.6113690803351476E-5
0.11852637255529296	0.10554008095664061	1.6113690803351476E-5
0.1596410648737736	-0.026567674586517345	1.6113690803351476E-5
0.07493456918987965	-0.13665943511384354	1.6113690803351476E-5
-0.06384609821891464	-0.13070212494835629	1.6113690803351476E-5
-0.13880745559769522	-0.013755405728961967	1.6113690803351476E-5
-0.1394320388612097	-4.754425092620208E-5	1.6113690803351476E-5
-0.08601506147275684	0.11538542054910822	1.6113690803351476E-5
0.05004071297576721	0.14653160293588335	1.6113690803351476E-5
0.1537844585814175	0.053157771296523076	1.6113690803351476E-5
0.1369606295970382	-0.08582122132102621	1.6113690803351476E-5
0.013420783575666166	-0.1521904408425898	1.6113690803351476E-5
-0.11193483112783492	-0.08931662140716726	1.6113690803351476E-5
-0.1408725931075839	-4.716034704427711E-5	1.6113690803351476E-5
-0.13257811570008693	0.04962217762798727	1.6113690803351476E-5
-0.030539362324385245	0.14678579116314505	1.6113690803351476E-5
0.10763681868124958	0.11921406387710867	1.6113690803351476E-5
0.16456886440127333	-0.009717025889837342	1.6113690803351476E-5
0.09155555695964475	-0.13099153535767227	1.6113690803351476E-5
-0.04964580159173404	-0.14103194945276754	1.6113690803351476E-5
-0.13908548534548634	-0.03130793017987386	1.6113690803351476E-5
-0.142300190724725	-4.824425633685599E-5	1.6113690803351476E-5
-0.10059288378238587	0.10545524205577701	1.6113690803351476E-5
0.03352917088182352	0.15273801017911914	1.6113690803351476E-5
0.1493599307218379	0.07022857828547263	1.6113690803351476E-5
0.14841979198082603	-0.07231133037078635	1.6113690803351476E-5
0.031066301056935475	-0.1537868507608028	1.6113690803351476E-5
-0.10308722492629718	-0.10466332286511448	1.6113690803351476E-5
-0.14371423131200756	-4.786076870183536E-5	1.6113690803351476E-5
-0.14006130260510216	0.033480912507798014	1.6113690803351476E-5
-0.048050176977227556	0.1436160531989862	1.6113690803351476E-5
0.09496800164300434	0.13170865994270706	1.6113690803351476E-5
0.16749996366227238	0.00787292643654466	1.6113690803351476E-5
0.10766091415154147	-0.12324428433550808	1.6113690803351476E-5
-0.03404138478729062	-0.14974408613758686	1.6113690803351476E-5
-0.13723267935846864	-0.04907865797604441	1.6113690803351476E-5
-0.14511611445345288	-4.747051268368436E-5	1.6113690803351476E-5
-0.1141147039258629	0.09365248994192232	1.6113690803351476E-5
0.016093415275780655	0.15700350325959717	1.6113690803351476E-5
0.14281615861190372	0.08693893373977177	1.6113690803351476E-5
0.15835551348579202	-0.057273879501884034	1.6113690803351476E-5
0.04908470904389524	-0.1532588709576679	1.6113690803351476E-5
-0.09228765896950206	-0.1190934653441058	1.6113690803351476E-5
-0.1465050397884816	-4.707276847138116E-5	1.6113690803351476E-5
-0.14566261817790677	0.016270827681454415	1.6113690803351476E-5
-0.06535253785421055	0.13829246609267118	1.6113690803351476E-5
0.08065746418717797	0.14279405923149746	1.6113690803351476E-5
0.16833270346149434	0.02595043188426447	1.6113690803351476E-5
0.12298782822160229	-0.11346998118351151	1.6113690803351476E-5
-0.017226641845913212	-0.15665331789591783	1.6113690803351476E-5
-0.13320884499202462	-0.06680219525484835	1.6113690803351476E-5
-0.14788180694177083	-4.819583559673768E-5	1.6113690803351476E-5
-0.126339871544654	0.08009859555237746	1.6113690803351476E-5
-0.002028365355775356	0.15920190710038937	1.6113690803351476E-5
0.13418737754908283	0.10302223943570876	1.6113690803351476E-5
0.16656995367774508	-0.040890365431243754	1.6113690803351476E-5
0.06721412044145869	-0.1505483427892095	1.6113690803351476E-5
-0.07963883035477835	-0.1323586383249535	1.6113690803351476E-5
-0.14923796344914714	-0.0017722068316434712	1.6113690803351476E-5
-0.1492472155275934	-4.779815449897797E-5	1.6113690803351476E-5
-0.08217657507803128	0.13082875714590664	1.6113690803351476E-5
0.06487180646157034	0.15225765579395553	1.6113690803351476E-5
0.16699056843625282	0.04430217756543693	1.6113690803351476E-5
0.13727973455068465	-0.1017547079586576	1.6113690803351476E-5
5.802113417890364E-4	-0.1615997082704772	1.6113690803351476E-5
-0.12700889971884868	-0.08420845057848202	1.6113690803351476E-5
-0.15060106520128863	-4.7394259214097676E-5	1.6113690803351476E-5
-0.1370448191247733	0.06494490199908368	1.6113690803351476E-5
-0.02058427673840965	0.15923642740862756	1.6113690803351476E-5
0.12353880560955073	0.11821578801179129	1.6113690803351476E-5
0.17288544027914013	-0.02336704347147038	1.6113690803351476E-5
0.08518323343603468	-0.1456293196133704	1.6113690803351476E-5
-0.06527596533754124	-0.1442227327156007	1.6113690803351476E-5
-0.15067785831165037	-0.02034104161328188	1.6113690803351476E-5
-0.1519439556266765	-4.8549922198389917E-5	1.6113690803351476E-5
-0.09825507184253694	0.12127234973692035	1.6113690803351476E-5
0.04780315543733064	0.1599074161279293	1.6113690803351476E-5
0.16342661890557203	0.06265980308504514	1.6113690803351476E-5
0.15028968878752336	-0.08821578730899024	1.6113690803351476E-5
0.01914089635614731	-0.1644492431013388	1.6113690803351476E-5
-0.1186605484717167	-0.10102591550956415	1.6113690803351476E-5
-0.1532764864433469	-4.814452399054319E-5	1.6113690803351476E-5
-0.14602362513716158	0.04837091848888228	1.6113690803351476E-5
-0.03930906903914098	0.15704180641265997	1.6113690803351476E-5
0.11096960717009506	0.132264988855442	1.6113690803351476E-5
0.17715099129173403	-0.004932457054681414	1.6113690803351476E-5
0.10271825098222578	-0.13850977207008686	1.6113690803351476E-5
-0.04936308694195056	-0.15446637329275814	1.6113690803351476E-5
-0.14990085650620585	-0.039246071648125616	1.6113690803351476E-5
-0.15459765735599806	-4.773303985276868E-5	1.6113690803351476E-5
-0.11332557445279684	0.10970469443127909	1.6113690803351476E-5
0.029669368730334142	0.1655760041288468	1.6113690803351476E-5
0.15762955595104292	0.08074933516646982	1.6113690803351476E-5
0.16178735228762864	-0.07300152121096552	1.6113690803351476E-5
0.038202238795217364	-0.16509759464315493	1.6113690803351476E-5
-0.10822345610236912	-0.11698625653298592	1.6113690803351476E-5
-0.15590866802631625	-4.731509712566259E-5	1.6113690803351476E-5
-0.15309063940561313	0.03058175544902424	1.6113690803351476E-5
-0.05792774514489838	0.1525849948885624	1.6113690803351476E-5
0.09661136692392888	0.14492670617466769	1.6113690803351476E-5
0.17924648755835657	0.014111404883014622	1.6113690803351476E-5
0.11954654085188324	-0.12923146594082655	1.6113690803351476E-5
-0.032090937018496954	-0.16289008768901947	1.6113690803351476E-5
-0.14685326414177122	-0.05821603569642957	1.6113690803351476E-5
-0.15720971813538084	-4.8509761810438164E-5	1.6113690803351476E-5
-0.12713503972480278	0.09623868627574884	1.6113690803351476E-5
0.010708271659879297	0.1691212155253446	1.6113690803351476E-5
0.14961978471449996	0.09829427020413167	1.6113690803351476E-5
0.17155803047291399	-0.05628920336160978	1.6113690803351476E-5
0.05749524463339814	-0.1634720360369463	1.6113690803351476E-5
-0.09579334098503138	-0.1318285053021022	1.6113690803351476E-5
-0.15850080739369088	-4.809125164645914E-5	1.6113690803351476E-5
-0.15808811302607048	0.011805906305117722	1.6113690803351476E-5
-0.07616291105946559	0.14586790873828712	1.6113690803351476E-5
0.08062496956517827	0.15597464871285338	1.6113690803351476E-5
0.1790851360378027	0.03353932777169813	1.6113690803351476E-5
0.135399746289267	-0.11787023367209569	1.6113690803351476E-5
-0.013675961081454087	-0.16931807039376864	1.6113690803351476E-5
-0.1415158298179736	-0.07697283451066834	1.6113690803351476E-5
-0.15978233549536694	-4.766774273970859E-5	1.6113690803351476E-5
-0.13944468463579765	0.08101956224630277	1.6113690803351476E-5
-0.008823888755621316	0.17043144262156687	1.6113690803351476E-5
0.13945350478684665	0.11502096405123517	1.6113690803351476E-5
0.1794104044370498	-0.038282770193275195	1.6113690803351476E-5
0.07674325319327117	-0.15953297887234874	1.6113690803351476E-5
-0.08149675876755083	-0.14530317662720446	1.6113690803351476E-5
-0.16088547815538257	-0.007680316965563454	1.6113690803351476E-5
-0.16105450215332492	-4.7237162313278515E-5	1.6113690803351476E-5
-0.09373612182203024	0.13692592482485064	1.6113690803351476E-5
0.06319948710183097	0.16520132310665997	1.6113690803351476E-5
0.1766062256246994	0.05309678051465422	1.6113690803351476E-5
0.1500181497837433	-0.10453485035255405	1.6113690803351476E-5
0.005643376245918936	-0.17360061484809913	1.6113690803351476E-5
-0.13390335962555908	-0.0952354530197634	1.6113690803351476E-5
-0.16231730708885683	-4.8467083234716044E-5	1.6113690803351476E-5
-0.1500331500290498	0.06422185671139255	1.6113690803351476E-5
-0.028657008949246	0.1694260199747801	1.6113690803351476E-5
0.12722011199422592	0.13066207429017762	1.6113690803351476E-5
0.18517736077785357	-0.019209956550937032	1.6113690803351476E-5
0.09566393410872039	-0.15327456989444588	1.6113690803351476E-5
-0.06549124870186278	-0.1571757993418701	1.6113690803351476E-5
-0.16138774834753494	-0.027598361765999842	1.6113690803351476E-5
-0.16357115001701023	-4.803657051643314E-5	1.6113690803351476E-5
-0.11037263257155586	0.12582906846096112	1.6113690803351476E-5
0.044550374671220694	0.1724225215160349	1.6113690803351476E-5
0.17178314721376556	0.07250180408228475	1.6113690803351476E-5
0.16315571074093435	-0.0893662977126947	1.6113690803351476E-5
0.025610388536658164	-0.17561723817563016	1.6113690803351476E-5
-0.12406479136722391	-0.11272429137206928	1.6113690803351476E-5
-0.1648158306633043	-4.7600115805513926E-5	1.6113690803351476E-5
-0.15869976416860415	0.04604733405567659	1.6113690803351476E-5
-0.04851078219817012	0.1660565410610095	1.6113690803351476E-5
0.11304108882613138	0.14496014246562136	1.6113690803351476E-5
0.18871823746169414	6.782039106089066E-4	1.6113690803351476E-5
0.1139727017727219	-0.14472528839746154	1.6113690803351476E-5
-0.047964070490927345	-0.16723046189106827	1.6113690803351476E-5
-0.15952782900181367	-0.04771571764681065	1.6113690803351476E-5
-0.16605234875263478	-4.71572655428368E-5	1.6113690803351476E-5
-0.12580627461688454	0.11268098513602312	1.6113690803351476E-5
0.0249153996873123	0.17747990061873314	1.6113690803351476E-5
0.16462302874887924	0.09146857636196401	1.6113690803351476E-5
0.1745824182884779	-0.07253607131797016	1.6113690803351476E-5
0.04595222610563313	-0.17527894071667416	1.6113690803351476E-5
-0.11208453822085947	-0.1291654573758551	1.6113690803351476E-5
-0.16728010404478316	-4.842221137103407E-5	1.6113690803351476E-5
-0.165269327676687	0.026723259444587134	1.6113690803351476E-5
-0.06809839845887489	0.16031067725332548	1.6113690803351476E-5
0.09707146713623327	0.1576737171107874	1.6113690803351476E-5
0.18992932911061483	0.021051222956333455	1.6113690803351476E-5
0.13138994981754756	-0.13394955779417653	1.6113690803351476E-5
-0.02912851137313163	-0.17527502112376656	1.6113690803351476E-5
-0.15527099072863904	-0.06774689787024943	1.6113690803351476E-5
-0.16849969627414177	-4.797937201561357E-5	1.6113690803351476E-5
-0.13978312365505008	0.09761851551369792	1.6113690803351476E-5
0.004552651259481256	0.18024463743995503	1.6113690803351476E-5
0.15516904774856924	0.10971204323517575	1.6113690803351476E-5
0.184090016660836	-0.05424396221790195	1.6113690803351476E-5
0.06638591857114602	-0.1725298136032991	1.6113690803351476E-5
-0.09807939324944748	-0.144294834402688	1.6113690803351476E-5
-0.1697109251863008	-4.753070452532466E-5	1.6113690803351476E-5
-0.16959291565166354	0.006498254468675	1.6113690803351476E-5
-0.08713082052601538	0.15220963190844147	1.6113690803351476E-5
0.07949486101609689	0.16857856904076698	1.6113690803351476E-5
0.18873662373564337	0.041698490475172406	1.6113690803351476E-5
0.14764209448744864	-0.12104519162331742	1.6113690803351476E-5
-0.009222003805479958	-0.18114204068985523	1.6113690803351476E-5
-0.14861690077953224	-0.08740145070285088	1.6113690803351476E-5
-0.17091419053851675	-4.707692334182412E-5	1.6113690803351476E-5
-0.15206520088700595	0.08080934282814287	1.6113690803351476E-5
-0.016263768119457133	0.1806186126595302	1.6113690803351476E-5
0.14349866600395653	0.12695163261030615	1.6113690803351476E-5
0.19149360853158173	-0.03471561376298848	1.6113690803351476E-5
0.08662040370254065	-0.16734866253161013	1.6113690803351476E-5
-0.08219958245974651	-0.15786239276020275	1.6113690803351476E-5
-0.17155460059050084	-0.014314073005120899	1.6113690803351476E-5
-0.17211009209510886	-4.8376659017005896E-5	1.6113690803351476E-5
-0.1053218936085647	0.14181039914113805	1.6113690803351476E-5
0.060522247707837484	0.17747292488939448	1.6113690803351476E-5
0.18509618579292306	0.06233086943085528	1.6113690803351476E-5
0.16246671268880553	-0.10614402631612452	1.6113690803351476E-5
0.01149627016964993	-0.1846934396463872	1.6113690803351476E-5
-0.13960208987838488	-0.10638867491385331	1.6113690803351476E-5
-0.17329822961423624	-4.7921572592793754E-5	1.6113690803351476E-5
-0.16243602338225238	0.062450609628737275	1.6113690803351476E-5
-0.03724849166719985	0.17853733699583904	1.6113690803351476E-5
0.1297228666166574	0.14291600452638575	1.6113690803351476E-5
0.19663478620413488	-0.014199426049515554	1.6113690803351476E-5
0.10636107311680261	-0.15974937930778368	1.6113690803351476E-5
-0.06462624142150995	-0.16963571274332226	1.6113690803351476E-5
-0.1710744195422716	-0.03545875550837881	1.6113690803351476E-5
-0.17447940286371647	-4.746077212858188E-5	1.6113690803351476E-5
-0.12239171715978965	0.12920574727154885	1.6113690803351476E-5
0.040390693960443855	0.18418152438011556	1.6113690803351476E-5
0.17900119975681453	0.08265395184442054	1.6113690803351476E-5
0.17561909709082457	-0.08941003829685192	1.6113690803351476E-5
0.03275175179035638	-0.18582272634823882	1.6113690803351476E-5
-0.12829705163722793	-0.12442207280687773	1.6113690803351476E-5
-0.1756528116374122	-4.699530658684969E-5	1.6113690803351476E-5
-0.17070142935032467	0.04276624870625433	1.6113690803351476E-5
-0.05810635702997039	0.1739713811786089	1.6113690803351476E-5
0.11398766807096157	0.15734736545027805	1.6113690803351476E-5
0.19938756439447822	0.007014922640061193	1.6113690803351476E-5
0.12531652323966544	-0.1497817558093219	1.6113690803351476E-5
-0.045567220636614746	-0.17940409367347226	1.6113690803351476E-5
-0.16809946678898827	-0.05666509636450167	1.6113690803351476E-5
-0.17681885570999512	-4.8328260429361245E-5	1.6113690803351476E-5
-0.13807017500921973	0.11452093583684389	1.6113690803351476E-5
0.01935800279806694	0.18855539243307862	1.6113690803351476E-5
0.1704780671459033	0.10237107961942571	1.6113690803351476E-5
0.1868715768812835	-0.07103627759232298	1.6113690803351476E-5
0.05425564619206143	-0.1844545601898278	1.6113690803351476E-5
-0.11480620481296988	-0.14122191241771176	1.6113690803351476E-5
-0.17797733484403255	-4.78624657062062E-5	1.6113690803351476E-5
-0.1766926384499301	0.022003632800681214	1.6113690803351476E-5
-0.07853771421491657	0.16692539780777976	1.6113690803351476E-5
0.09646946371522144	0.17000369323783285	1.6113690803351476E-5
0.1996612538567258	0.028622210061045334	1.6113690803351476E-5
0.14319915472017047	-0.13753082047892703	1.6113690803351476E-5
-0.02525764210572567	-0.1869814436245319	1.6113690803351476E-5
-0.16261290554561877	-0.07763396561521284	1.6113690803351476E-5
-0.17912944882432613	-4.7390590385082746E-5	1.6113690803351476E-5
-0.15210250881196719	0.09791535302240235	1.6113690803351476E-5
-0.0022986860459266348	0.1904782398241578	1.6113690803351476E-5
0.1595913042284564	0.12118907112188584	1.6113690803351476E-5
0.19602152254526548	-0.05124485115795502	1.6113690803351476E-5
0.07570966825621595	-0.1805510443743271	1.6113690803351476E-5
-0.09927018317081934	-0.15652248408617553	1.6113690803351476E-5
-0.1802739974526017	-4.691349233489957E-5	1.6113690803351476E-5
-0.18027339832734995	4.3131155569055854E-4	1.6113690803351476E-5
-0.09824474888707316	0.15744199588507324	1.6113690803351476E-5
0.0773742137495869	0.18066548393434342	1.6113690803351476E-5
0.19739629145670923	0.05037220231351946	1.6113690803351476E-5
0.1597318507134399	-0.12311701401622653	1.6113690803351476E-5
-0.003955479263834559	-0.19221045263713527	1.6113690803351476E-5
-0.15463450254587366	-0.09806393467852656	1.6113690803351476E-5
-0.1814125805236351	-4.8278311575999906E-5	1.6113690803351476E-5
-0.16425340721206416	0.0795792366736206	1.6113690803351476E-5
-0.024288397806128195	0.189867022004126	1.6113690803351476E-5
0.14644036703704913	0.13882214312590668	1.6113690803351476E-5
0.20289242041948385	-0.030282253179188548	1.6113690803351476E-5
0.09681060788513035	-0.17410967323277046	1.6113690803351476E-5
-0.08186140282086732	-0.1700744085664182	1.6113690803351476E-5
-0.18134266092189474	-0.021603054020209327	1.6113690803351476E-5
-0.18254439783222742	-4.78012461327764E-5	1.6113690803351476E-5
-0.11693395135379792	0.1455998855563327	1.6113690803351476E-5
0.05693522941212829	0.1891380946317941	1.6113690803351476E-5
0.1925677617499482	0.07196224979864044	1.6113690803351476E-5
0.1746525031239209	-0.10669452751637165	1.6113690803351476E-5
0.01806253355072229	-0.19496509371694573	1.6113690803351476E-5
-0.14422019329102387	-0.11765581565042145	1.6113690803351476E-5
-0.18366944918805606	-4.7318335588090076E-5	1.6113690803351476E-5
-0.17431013612212412	0.05973105817739347	1.6113690803351476E-5
-0.04631043321418893	0.1866726674951064	1.6113690803351476E-5
0.13115771269054446	0.15499536498409086	1.6113690803351476E-5
0.20733530684377352	-0.008416366049550095	1.6113690803351476E-5
0.11725352320727432	-0.16516294369919327	1.6113690803351476E-5
-0.06278199244092508	-0.18164718907435498	1.6113690803351476E-5
-0.17983215314967313	-0.043864472402768806	1.6113690803351476E-5
-0.18478853437422962	-4.6829420984599416E-5	1.6113690803351476E-5
-0.13432023835186715	0.1315112203322736	1.6113690803351476E-5
0.03540782089868199	0.19525203198930746	1.6113690803351476E-5
0.1851834664583505	0.09308519408968821	1.6113690803351476E-5
0.18771362298255537	-0.08844817076039238	1.6113690803351476E-5
0.040502346688174	-0.1951502203286155	1.6113690803351476E-5
-0.131461813173639	-0.13611532995574813	1.6113690803351476E-5
-0.18590045321859397	-4.822693963579002E-5	1.6113690803351476E-5
-0.18208516375738049	0.03861564690954166	1.6113690803351476E-5
-0.0680564783042442	0.18088294571841715	1.6113690803351476E-5
0.1139108659647382	0.16944983366366292	1.6113690803351476E-5
0.20923649445776726	0.014027312767269866	1.6113690803351476E-5
0.13673804871351242	-0.15378120332903944	1.6113690803351476E-5
-0.042262111847782884	-0.19103527338859333	1.6113690803351476E-5
-0.1757059704604963	-0.06604740781427536	1.6113690803351476E-5
-0.1870068055002126	-4.773804855286309E-5	1.6113690803351476E-5
-0.15013114140632733	0.1153248848476439	1.6113690803351476E-5
0.013071106363243433	0.1988712142047664	1.6113690803351476E-5
0.17529325228727755	0.11343558562869407	1.6113690803351476E-5
0.1986944446717128	-0.0685942354978426	1.6113690803351476E-5
0.06306042359722118	-0.19270893752149681	1.6113690803351476E-5
-0.11648705203537812	-0.1531607256160218	1.6113690803351476E-5
-0.18810699105258533	-4.724388700440787E-5	1.6113690803351476E-5
-0.18742120281233077	0.01650073896494965	1.6113690803351476E-5
-0.08921709255081023	0.17252313368570882	1.6113690803351476E-5
0.09489846776539153	0.1819468920832331	1.6113690803351476E-5
0.20852036200194948	0.036765199807426464	1.6113690803351476E-5
0.1549716190045279	-0.14007180848806353	1.6113690803351476E-5
-0.020558130996751817	-0.19806159711024096	1.6113690803351476E-5
-0.16896701082543633	-0.08784078843439602	1.6113690803351476E-5
-0.1892016096821208	-4.67438868802347E-5	1.6113690803351476E-5
-0.16411403129445543	0.09722201210685295	1.6113690803351476E-5
-0.0097819344943278	0.1998922118982732	1.6113690803351476E-5
0.16298054455757469	0.1327132931503423	1.6113690803351476E-5
0.20739695636032252	-0.04737500043179493	1.6113690803351476E-5
0.08542455047979641	-0.18761889317245925	1.6113690803351476E-5
-0.09945735636310538	-0.1685240053503411	1.6113690803351476E-5
-0.19019242670564893	-0.006309954777904245	1.6113690803351476E-5
-0.19028966123341118	-4.8172978044956376E-5	1.6113690803351476E-5
-0.10948487105465801	0.1616555782031238	1.6113690803351476E-5
0.07434860764815186	0.19227144544430885	1.6113690803351476E-5
0.2051429441479886	0.05951136318757714	1.6113690803351476E-5
0.17167526879266762	-0.12417640138701534	1.6113690803351476E-5
0.002054080638937347	-0.20257855300421368	1.6113690803351476E-5
-0.15965276270862802	-0.1089331470627121	1.6113690803351476E-5
-0.19137254550539715	-4.767310073600132E-5	1.6113690803351476E-5
-0.17603499669536976	0.07741423041392474	1.6113690803351476E-5
-0.03284304068569345	0.1982465758681439	1.6113690803351476E-5
0.1483672766320235	0.15062793487605777	1.6113690803351476E-5
0.21365433703961867	-0.025057104123516822	1.6113690803351476E-5
0.10728091262640244	-0.17989652557304878	1.6113690803351476E-5
-0.08056644107369995	-0.18195744057973962	1.6113690803351476E-5
-0.19031241408304633	-0.029487702990356426	1.6113690803351476E-5
-0.1924496623446842	-4.716740762548929E-5	1.6113690803351476E-5
-0.12856035772986238	0.14837911697402983	1.6113690803351476E-5
0.05251422663716382	0.2002350745240077	1.6113690803351476E-5
0.19909545359877648	0.08195018598247686	1.6113690803351476E-5
0.18658522368832636	-0.10627053931665537	1.6113690803351476E-5
0.025278928325924946	-0.204471860069392	1.6113690803351476E-5
-0.14784004387553193	-0.12901744329336143	1.6113690803351476E-5
-0.19352121158010785	-4.6656513320741235E-5	1.6113690803351476E-5
-0.1856872556059942	0.05614108911699879	1.6113690803351476E-5
-0.055797738048914663	0.19390214672169834	1.6113690803351476E-5
0.1316076209704426	0.1669029595372479	1.6113690803351476E-5
0.2173287417435369	-0.0019271712802355389	1.6113690803351476E-5
0.12831571836896005	-0.16959404454925076	1.6113690803351476E-5
-0.06003756553482795	-0.19323447192581303	1.6113690803351476E-5
-0.18772617693938476	-0.05276462275420592	1.6113690803351476E-5
-0.1945867930499661	-4.811641637374724E-5	1.6113690803351476E-5
-0.1461543886460471	0.13282806396381783	1.6113690803351476E-5
0.029671618835614616	0.20567867755452443	1.6113690803351476E-5
0.19040677295794062	0.10376430472244579	1.6113690803351476E-5
0.19945837031781308	-0.0865609260004205	1.6113690803351476E-5
0.04880760781281215	-0.20366131856751576	1.6113690803351476E-5
-0.13364076644500095	-0.14779470085654942	1.6113690803351476E-5
-0.195647206566546	-4.76055862409097E-5	1.6113690803351476E-5
-0.19289044628289087	0.033667211979182404	1.6113690803351476E-5
-0.0783256033425891	0.18686402745494515	1.6113690803351476E-5
0.11289028925913674	0.18127961199380382	1.6113690803351476E-5
0.2183203083271629	0.021656461631518492	1.6113690803351476E-5
0.1482213226057053	-0.15680247873035516	1.6113690803351476E-5
-0.03812237614986236	-0.20215622568274738	1.6113690803351476E-5
-0.18241601395423573	-0.07582087829640496	1.6113690803351476E-5
-0.19670265197346012	-4.7090248436553656E-5	1.6113690803351476E-5
-0.16199498441920843	0.11517232359937571	1.6113690803351476E-5
0.006116092747585034	0.20847727399836533	1.6113690803351476E-5
0.17914442106539963	0.12464002198725117	1.6113690803351476E-5
0.21007665448064894	-0.06528431732899052	1.6113690803351476E-5
0.07232080842014908	-0.200105168697477	1.6113690803351476E-5
-0.11720466928881529	-0.16498011659501435	1.6113690803351476E-5
-0.19775252912255892	-4.6569103987943264E-5	1.6113690803351476E-5
