# EMSIM OUTPUT FILE 
# PARAMETERS OF SIMULATION RUN 
# ---------------------------- 
# Mode               : 1 
# Magnetic field?      true
# Failing field?       true
# Point charge?        false
# Electric field?      true
# Magnetic strength  : 1.0E-7T 
# Electric strength  : 1.0E-7NC^-1 
# Phase              : 1.5707963267948966
# Algorithm          : 3
# Time-step          : 1.0E-6s 
# Number of Turns    : 100.0
# Number of particles: 10
# Spread in x        : 1.0E-4m 
# Spread in y        : 1.0E-4m 
# Spread in z        : 1.0E-4m 
# ----------------------------- 
Time 	 KE 	 PE 	 E 	 L 
0.0	8.363109500000003E-29	8.357428796087671E-29	1.6720538296087674E-28	1.7449805385691762E-29
0.10000000000007934	1.7513020741258136E-28	1.4315668619860735E-28	3.182868936111887E-28	2.989023904320165E-29
0.20000000000017934	1.7513181431046083E-28	1.9256519636580668E-28	3.676970106762675E-28	4.0206418071850616E-29
0.29999999999889154	1.7513342122308388E-28	2.271645268269744E-28	4.0229794805005827E-28	4.743053733840679E-29
0.399999999996216	3.4237857501536994E-28	3.260563630903686E-28	6.684349381057386E-28	6.807853529424475E-29
0.49999999999354044	3.423817164917216E-28	3.447643135983754E-28	6.87146030090097E-28	7.198463626656833E-29
0.599999999996416	3.42384857996899E-28	3.6144842293546293E-28	7.0383328093236195E-28	7.546817218917733E-29
0.6562839999980344	4.181362898688653E-28	4.0244704945947E-28	8.205833393283354E-28	8.402842899047977E-29
0.6999999999992915	5.096273198604886E-28	4.494836683628324E-28	9.59110988223321E-28	9.384938045748587E-29
0.8000000000021671	5.096319959187791E-28	4.959850451103781E-28	1.0056170410291573E-27	1.0355857262642782E-28
0.9000000000050427	5.096366720199716E-28	5.540799136666339E-28	1.0637165856866055E-27	1.1568841278339055E-28
1.000000000007918	6.76894026423658E-28	6.629860915271339E-28	1.339880117950792E-27	1.384273384156667E-28
1.0999999999996914	6.769002372286833E-28	6.715560679926354E-28	1.3484563052213185E-27	1.402166952161964E-28
1.1999999999914648	6.769064480907023E-28	6.846659871923435E-28	1.3615724352830458E-27	1.4295396331491085E-28
1.2999999999832381	6.769126590097162E-28	6.911843093441432E-28	1.3680969683538594E-27	1.4431494770290241E-28
1.31225299998223	7.52663501924539E-28	7.288317610363713E-28	1.4814952629609103E-27	1.5217549948584275E-28
1.3999999999750115	8.441634105127369E-28	7.94946574654227E-28	1.6391099851669638E-27	1.6597985642578695E-28
1.4999999999667848	8.44171156089078E-28	8.592264095513418E-28	1.7033975656404198E-27	1.7940107915724318E-28
1.5999999999585581	8.441789017364952E-28	9.107174180223276E-28	1.7548963197588226E-27	1.9015207603307205E-28
1.6999999999503315	1.0114382918057201E-27	1.0052597748553094E-27	2.0166980666610295E-27	2.09891925905284E-28
1.7999999999421048	1.0114475722038314E-27	1.0124922992667417E-27	2.023939871470573E-27	2.1140203126785446E-28
1.8999999999338781	1.0114568526870876E-27	1.0188373958983283E-27	2.030294248585416E-27	2.1272684732336863E-28
1.968205999928267	1.0872661706995176E-27	1.0572522818251904E-27	2.144518452524708E-27	2.207476341555635E-28
1.9999999999256515	1.1787069404256674E-27	1.1039176828572869E-27	2.2826246232829545E-27	2.304910765551443E-28
2.0999999999396293	1.1787177555883179E-27	1.153626832272763E-27	2.332344587861081E-27	2.408700326886924E-28
2.199999999953607	1.178728570850193E-27	1.2246511411603353E-27	2.4033797120105284E-27	2.5569945949877562E-28
2.299999999967585	1.3459999059916197E-27	1.3429184493395567E-27	2.6889183553311764E-27	2.803929288565809E-28
2.3999999999815627	1.3460122561419492E-27	1.3456344894840427E-27	2.691646745625992E-27	2.8096002087814447E-28
2.4999999999955405	1.3460246064056163E-27	1.3486714667834683E-27	2.6946960731890845E-27	2.815941225500771E-28
2.6000000000095183	1.3460369567825925E-27	1.3494599678539344E-27	2.695496924636527E-27	2.8175875659186917E-28
2.6241540000128944	1.4218624467507606E-27	1.3866883204949657E-27	2.808550767245726E-27	2.8953180258437374E-28
2.700000000023496	1.5133122377851356E-27	1.4503273611073369E-27	2.9636395988924725E-27	3.0281923350995717E-28
2.800000000037474	1.5133261231008588E-27	1.5210131320905824E-27	3.0343392551914412E-27	3.175779759628466E-28
2.9000000000514516	1.513340008543976E-27	1.5851694485361036E-27	3.0985094570800796E-27	3.3097340963322605E-28
3.0000000000654294	1.6806254619264103E-27	1.682641207279582E-27	3.3632666692059924E-27	3.5132489942889494E-28
3.1000000000794072	1.6806408824156778E-27	1.68260875046631E-27	3.3632496328819875E-27	3.5131812265144475E-28
3.200000000093385	1.6806563030464398E-27	1.6809045922687435E-27	3.3615608953151836E-27	3.5096230518206046E-28
3.2801000001045812	1.7564451040774336E-27	1.7167641786081813E-27	3.473209282685615E-27	3.584495612971233E-28
3.300000000107363	1.8479047975051035E-27	1.7620903647767146E-27	3.6099951622818184E-27	3.6791338379751975E-28
3.4000000001213406	1.8479217528570203E-27	1.8105373188608744E-27	3.658459071717894E-27	3.780288018740118E-28
3.5000000001353184	1.8479387083644896E-27	1.8907427405264074E-27	3.738681448890897E-27	3.9477518749642005E-28
3.600000000149296	1.8479556640275335E-27	1.9345869341851165E-27	3.78254259821265E-27	4.039295783293779E-28
3.700000000163274	2.0152458677527832E-27	2.0202108101987976E-27	4.035456677951581E-27	4.218073048483481E-28
3.800000000177252	2.0152643585337713E-27	2.01570379344524E-27	4.030968151979011E-27	4.208662682037461E-28
3.9000000001912296	2.0152828494843913E-27	2.0108234360107615E-27	4.0261062854951525E-27	4.198472803821485E-28
3.936046000196268	2.091101768448921E-27	2.047329195962625E-27	4.1384309644115456E-27	4.27469453386552E-28
4.000000000205207	2.1825730185877447E-27	2.1069804945399932E-27	4.289553513127738E-27	4.399242688416175E-28
4.100000000219185	2.18259304467005E-27	2.180528756120383E-27	4.363121800790433E-27	4.552806815708679E-28
4.200000000233163	2.18261307093608E-27	2.2558313027010227E-27	4.438444373637103E-27	4.710033779829326E-28
4.300000000247141	2.3498966787115317E-27	2.3592730455994357E-27	4.7091697243109674E-27	4.926013625169417E-28
4.400000000261119	2.3499182400631256E-27	2.3543859960418604E-27	4.704304236104986E-27	4.915809774147608E-28
4.500000000275096	2.3499398016125816E-27	2.3457035493476447E-27	4.695643350960226E-27	4.897681373460368E-28
4.591991000287955	2.425735368709966E-27	2.378215412191057E-27	4.8039507809010234E-27	4.965564097843959E-28
4.600000000289074	2.51722684766828E-27	2.422738077058447E-27	4.939964924726727E-27	5.058524619697926E-28
4.700000000303052	2.5172499443489752E-27	2.4670438470244035E-27	4.984293791373379E-27	5.151032270989741E-28
4.80000000031703	2.5172730412415678E-27	2.5540000311817894E-27	5.071273072423357E-27	5.332591295584655E-28
4.900000000331008	2.517296138346081E-27	2.6097574879246E-27	5.127053626270681E-27	5.449009346586844E-28
5.000000000344985	2.6845818600162014E-27	2.6952988750029265E-27	5.379880735019128E-27	5.6276143778197E-28
5.100000000358963	2.684606492253858E-27	2.6848798152212218E-27	5.369486307475079E-27	5.605860038497205E-28
5.200000000372941	2.6846311247175105E-27	2.6742284723712326E-27	5.3588595970887434E-27	5.583620706792956E-28
5.2479370003796415	2.760483708159624E-27	2.7094275918528037E-27	5.4699113000124276E-27	5.657114252975556E-28
5.300000000386919	2.8519172326700848E-27	2.764742669378717E-27	5.616659902048802E-27	5.77260865093709E-28
5.400000000400897	2.8519434002844904E-27	2.8384679693896322E-27	5.6904113696741226E-27	5.926542425006905E-28
5.500000000414874	2.8519695681389586E-27	2.923641305080331E-27	5.77561087321929E-27	6.10437897550991E-28
5.600000000428852	3.0192492235542076E-27	3.035383640858245E-27	6.0546328644124524E-27	6.3376899336738835E-28
5.70000000044283	3.0192769265143552E-27	3.0274596679537083E-27	6.046736594468063E-27	6.321145178227391E-28
5.800000000456808	3.0193046297287537E-27	3.012584395227079E-27	6.0318890249558325E-27	6.2900865473639315E-28
5.9000000004707855	3.0193323331973732E-27	3.0034178155834915E-27	6.022750148780865E-27	6.270947307460461E-28
5.903882000471328	3.0951781609106346E-27	3.040828262908022E-27	6.136006423818657E-27	6.349057966297661E-28
6.000000000484763	3.1866331520174017E-27	3.1234182928348995E-27	6.310051444852301E-27	6.521500743638946E-28
6.100000000498741	3.1866623907998504E-27	3.2149876503716776E-27	6.401650041171528E-27	6.712691784669782E-28
6.200000000512719	3.1866916298506263E-27	3.282495580719131E-27	6.469187210569757E-27	6.853644084084866E-28
6.300000000526697	3.3539800965712405E-27	3.370709130367925E-27	6.724689226939166E-27	7.037828420833648E-28
6.4000000005406745	3.3540108708366995E-27	3.355757619235792E-27	6.70976849007249E-27	7.006610608882608E-28
6.500000000554652	3.3540416453844995E-27	3.3393221106571855E-27	6.693363756041685E-27	6.972294303898286E-28
6.559827000563015	3.429888824918177E-27	3.372429759656608E-27	6.802318584574784E-27	7.041420991030604E-28
6.60000000056863	3.52131601197301E-27	3.423723186596639E-27	6.945039198569649E-27	7.148518435814235E-28
6.700000000582608	3.5213483216202104E-27	3.495263604869105E-27	7.016611926489316E-27	7.297890315717045E-28
6.800000000596586	3.5213806315639115E-27	3.588963609023435E-27	7.110344240587347E-27	7.49353001316697E-28
6.9000000006105635	3.6886628586218066E-27	3.7109200505732576E-27	7.399582909195064E-27	7.748167379081412E-28
7.000000000624541	3.6886967037511025E-27	3.7015315023161526E-27	7.390228206067254E-27	7.728564682591466E-28
7.100000000638519	3.688730549190925E-27	3.681239724942962E-27	7.369970274133887E-27	7.6861967315377E-28
7.200000000652497	3.688764394941349E-27	3.667311205838186E-27	7.356075600779535E-27	7.6571148623318295E-28
7.2157720006547015	3.7646270365754296E-27	3.7041986375090734E-27	7.468825674084504E-27	7.734133496988791E-28
7.300000000666475	3.8560682782318296E-27	3.7799879888849355E-27	7.636056267116766E-27	7.8923768864726635E-28
7.4000000006804525	3.856103659380592E-27	3.8741054413492805E-27	7.730209100729872E-27	8.088888189998642E-28
7.50000000069443	3.8561390408539866E-27	3.9529312694210126E-27	7.809070310275E-27	8.253471546624789E-28
7.600000000708408	4.0234328821336185E-27	4.046251221961219E-27	8.069684104094837E-27	8.448317729647854E-28
7.700000000722386	4.023469798927466E-27	4.0280573600563044E-27	8.051527158983771E-27	8.410330093655411E-28
7.800000000736364	4.0235067160599164E-27	4.005966204615544E-27	8.02947292067546E-27	8.3642051546116E-28
7.871717000746388	4.099397685464182E-27	4.036132456266914E-27	8.135530141731097E-27	8.427190389181253E-28
7.9000000007503415	4.190792263477053E-27	4.084119170223604E-27	8.274911433700657E-27	8.527383625474631E-28
8.000000000764318	4.190830715867919E-27	4.1513162238744635E-27	8.342146939742382E-27	8.667686834725879E-28
8.100000000689478	4.1908691686115966E-27	4.252081398360791E-27	8.442950566972389E-27	8.878078163017236E-28
8.200000000614638	4.318253701184139E-27	4.365707271253038E-27	8.683960972437177E-27	9.115321824673445E-28
8.300000000539798	4.358192464948935E-27	4.376383899535979E-27	8.734576364484914E-27	9.137613953019572E-28
8.400000000464958	4.3582324533114274E-27	4.351490554750044E-27	8.709723008061472E-27	9.085638219279678E-28
8.500000000390118	4.358272442040904E-27	4.3323242147145666E-27	8.690596656755471E-27	9.045620110231801E-28
8.527662000369416	4.4341696532345824E-27	4.368179663555084E-27	8.802349316789666E-27	9.120484029488047E-28
8.600000000315278	4.525567100979502E-27	4.437066745056703E-27	8.962633846036206E-27	9.264315914741226E-28
8.700000000240438	4.525608625078985E-27	4.531697645437578E-27	9.057306270516562E-27	9.461899265879369E-28
8.800000000165598	4.52565014955951E-27	4.621156800038184E-27	9.146806949597693E-27	9.648684338203708E-28
8.900000000090758	4.692989602053273E-27	4.7217807653335816E-27	9.414770367386854E-27	9.858780838607358E-28
9.000000000015918	4.6930326623289755E-27	4.7016032172004316E-27	9.394635879529407E-27	9.816651390751927E-28
9.099999999941078	4.693075722999786E-27	4.674144809858785E-27	9.367220532858572E-27	9.759319968102122E-28
9.183606999878506	4.769015387911075E-27	4.700428183703425E-27	9.4694435716145E-27	9.814197998372436E-28
9.199999999866238	4.860363837686595E-27	4.7461597795616204E-27	9.606523617248215E-27	9.909682690022472E-28
9.299999999791398	4.860408433695761E-27	4.8069978458203104E-27	9.667406279516071E-27	1.0036708735154052E-27
9.399999999716558	4.860453030114039E-27	4.913208688088356E-27	9.773661718202396E-27	1.0258470274971507E-27
9.499999999641718	4.860497626941517E-27	4.974604649107008E-27	9.835102276048524E-27	1.0386661169354864E-27
9.599999999566878	5.0277877641785805E-27	5.051801734920906E-27	1.0079589499099486E-26	1.0547843822709953E-27
9.699999999492038	5.0278338963769806E-27	5.023220131489569E-27	1.005105402786655E-26	1.0488167237376308E-27
9.799999999417198	5.027880028998687E-27	4.9985576524635776E-27	1.0026437681462264E-26	1.0436673536634425E-27
9.839550999387598	5.103685779679159E-27	5.032639235932485E-27	1.0136325015611645E-26	1.0507833736610467E-27
9.899999999342358	5.1951856436592035E-27	5.095011714513754E-27	1.0290197358172957E-26	1.0638063541725982E-27
9.999999999267517	5.1952333118079256E-27	5.1881227972712365E-27	1.0383356109079162E-26	1.0832473610081501E-27
10.099999999192677	5.195280980394151E-27	5.287275106264817E-27	1.0482556086658968E-26	1.1039497377949809E-27
10.199999999117837	5.362594820188009E-27	5.397098245060191E-27	1.07596930652482E-26	1.1268801172071086E-27
10.299999999042997	5.362644024390669E-27	5.376145040214962E-27	1.0738789064605631E-26	1.1225052201807518E-27
10.399999998968157	5.362693229044909E-27	5.343722549536619E-27	1.0706415778581527E-26	1.1157356086067917E-27
10.495495998896688	5.43855943550263E-27	5.365064367272864E-27	1.0803623802775493E-26	1.120191645854955E-27
10.499999998893317	5.529989039657133E-27	5.4099282316879545E-27	1.0939917271345088E-26	1.1295589381441445E-27
10.599999998818477	5.5300397797764864E-27	5.462572739752865E-27	1.0992612519529351E-26	1.1405507794137503E-27
10.699999998743637	5.530090520361531E-27	5.572530884586301E-27	1.1102621404947832E-26	1.1635093465916417E-27
10.799999998668797	5.530141261412077E-27	5.646437009798377E-27	1.1176578271210455E-26	1.1789404794478332E-27
10.899999998593957	5.697445440159077E-27	5.727566073467804E-27	1.142501151362688E-26	1.1958797169181404E-27
10.999999998519117	5.6974977167658004E-27	5.696239609331069E-27	1.139373732609687E-26	1.1893389487658999E-27
11.099999998444277	5.697549993852157E-27	5.665981618221272E-27	1.1363531612073429E-26	1.183021271044591E-27
11.151440998405779	5.773416053936449E-27	5.697552639975842E-27	1.1470968693912291E-26	1.1896131015684621E-27
11.199999998369437	5.864866412356005E-27	5.754005259712056E-27	1.1618871672068062E-26	1.2014000528741E-27
11.299999998294597	5.8649202251249686E-27	5.8436172576101105E-27	1.1708537482735078E-26	1.2201104729006646E-27
11.399999998219757	5.864974038387638E-27	5.95132691808709E-27	1.1816300956474727E-26	1.2425995707544178E-27
11.499999998144917	6.032278788314366E-27	6.072057663828779E-27	1.2104336452143145E-26	1.2678073896846799E-27
11.599999998070077	6.0323341371666104E-27	6.0515240277827674E-27	1.2083858164949378E-26	1.2635200959686961E-27
11.699999997995237	6.032389486526654E-27	6.0146884187772504E-27	1.2047077905303904E-26	1.2558290531042791E-27
11.799999997920397	6.032444836394582E-27	5.992889503452886E-27	1.2025334339847468E-26	1.2512775770555903E-27
11.807385997914869	6.108341623605095E-27	6.0301515098551504E-27	1.2138493133460245E-26	1.2590576492756797E-27
11.899999997845557	6.1997739448840336E-27	6.118392784343216E-27	1.2318166729227249E-26	1.277481871218367E-27
11.999999997770717	6.199830830579102E-27	6.230299475913399E-27	1.2430130306492501E-26	1.300847282710432E-27
12.099999997695877	6.1998877167961094E-27	6.316324123767404E-27	1.2516211840563514E-26	1.318808686701478E-27
12.199999997621036	6.367187922702152E-27	6.4035150048255066E-27	1.2770702927527658E-26	1.3370135933823448E-27
12.299999997546196	6.3672463444953736E-27	6.37043975591672E-27	1.2737686100412094E-26	1.330107689985599E-27
12.399999997471356	6.367304766824521E-27	6.334651405105615E-27	1.2701956171930135E-26	1.3226353080219566E-27
12.46333099742396	6.4432388335577425E-27	6.3628005531034315E-27	1.2806039386661173E-26	1.3285126728669497E-27
12.499999997396516	6.534595926469411E-27	6.41428214634176E-27	1.2948878072811173E-26	1.3392617051754484E-27
12.599999997321676	6.534655884305759E-27	6.498454645020622E-27	1.3033110529326383E-26	1.3568363920999438E-27
12.699999997246836	6.534715842692376E-27	6.613380816868903E-27	1.314809665956128E-26	1.3808322520578761E-27
12.799999997171996	6.702041935347128E-27	6.746489324575554E-27	1.344853125992268E-26	1.4086244696163893E-27
12.899999997097156	6.702103429575373E-27	6.727548313880069E-27	1.3429651743455442E-26	1.4046697060236045E-27
12.999999997022316	6.702164924367912E-27	6.686991736671253E-27	1.3389156661039164E-26	1.3962017484496874E-27
13.099999996947476	6.702226419724708E-27	6.659324388523084E-27	1.3361550808247793E-26	1.3904249806258868E-27
13.11927499693305	6.77803724059334E-27	6.695492562922663E-27	1.3473529803516003E-26	1.3979766676075283E-27
13.199999996872636	6.86952156642666E-27	6.774701988954217E-27	1.364422355538088E-26	1.4145150965471312E-27
13.299999996797796	6.869584597355322E-27	6.886629935408539E-27	1.375621453276386E-26	1.4378849459608006E-27
13.399999996722956	6.86964762886226E-27	6.984078918623824E-27	1.3853726547486085E-26	1.4582316791619611E-27
13.499999996648116	7.036935545311671E-27	7.079326671604967E-27	1.4116262216916639E-26	1.4781188098696674E-27
13.599999996573276	7.037000112338339E-27	7.045601460950621E-27	1.408260157328896E-26	1.4710771985486404E-27
13.699999996498436	7.037064679957493E-27	7.00456910754332E-27	1.4041633787500814E-26	1.462509901899242E-27
13.775219996442141	7.1129453249285E-27	7.028260582676646E-27	1.4141205907605144E-26	1.4674565327440625E-27
13.799999996423596	7.204388636049249E-27	7.07609483616846E-27	1.428048347221771E-26	1.4774440235020406E-27
13.899999996348756	7.204454739532897E-27	7.152943949980504E-27	1.43573986895134E-26	1.4934896338713703E-27
13.999999996273916	7.20452084362306E-27	7.273552110759915E-27	1.4478072954382974E-26	1.5186718573215588E-27
14.099999996199076	7.204586948319778E-27	7.335519415752414E-27	1.454010636407219E-26	1.5316102398604278E-27
14.199999996124236	7.371895545367095E-27	7.403982971093067E-27	1.4775878516460162E-26	1.54590499898234E-27
14.299999996049396	7.371963185801367E-27	7.360497736254279E-27	1.4732460922055644E-26	1.536825556150815E-27
14.399999995974555	7.372030826856331E-27	7.326751985364385E-27	1.4698782812220716E-26	1.5297796561550542E-27
14.431164995951232	7.447954383533879E-27	7.361154966646407E-27	1.4809109350180286E-26	1.5369627819332761E-27
14.499999995899715	7.539390139134097E-27	7.431819480235727E-27	1.4971209619369823E-26	1.5517170870337394E-27
14.599999995824875	7.539459316406132E-27	7.541882820985604E-27	1.5081342137391734E-26	1.5746976185634597E-27
14.699999995750035	7.539528494312892E-27	7.649888407951583E-27	1.5189416902264476E-26	1.5972485040871497E-27
14.799999995675195	7.706877166342732E-27	7.755058778159117E-27	1.546193594450185E-26	1.6192074146857762E-27
14.899999995600355	7.706947880383137E-27	7.721765304774128E-27	1.5428713185157265E-26	1.612255947375585E-27
14.999999995525515	7.707018595072333E-27	7.675884145139245E-27	1.538290274021158E-26	1.6026762505494937E-27
15.087109995460322	7.782999169253512E-27	7.694160963155467E-27	1.547716013240898E-26	1.6064923351172056E-27
15.099999995450675	7.874355558927676E-27	7.739728834225036E-27	1.5614084393152712E-26	1.616006619505421E-27
15.199999995375835	7.874427809657086E-27	7.807479157201238E-27	1.5681906966858325E-26	1.630152459740285E-27
15.299999995300995	7.874500061049373E-27	7.932102886053145E-27	1.5806602947102518E-26	1.65617310851232E-27
15.399999995226155	7.874572313104656E-27	8.007794241162909E-27	1.5882366554267567E-26	1.6719769861941042E-27
15.499999995151315	8.041919656336168E-27	8.080836387420017E-27	1.6122756043756186E-26	1.6872277262061283E-27
15.599999995076475	8.041993444540949E-27	8.035338421014394E-27	1.6077331865555344E-26	1.677728037704223E-27
15.699999995001635	8.04206723342282E-27	7.995493470085012E-27	1.6037560703507832E-26	1.6694086631902657E-27
15.743054994969413	8.118036385446977E-27	8.027211671500325E-27	1.6145248056947303E-26	1.6760312238509982E-27
15.799999994926795	8.209397683693892E-27	8.090122772946411E-27	1.6299520456640304E-26	1.689166665380221E-27
15.899999994851955	8.209473008584408E-27	8.196312643508879E-27	1.6405785652093285E-26	1.7113384407831333E-27
15.999999994777115	8.209548334166049E-27	8.313683199666472E-27	1.652323153383252E-26	1.735844672847617E-27
16.09999999487991	8.376888686596883E-27	8.43036649510821E-27	1.6807255181705092E-26	1.760207409628749E-27
16.199999994982704	8.376965548292115E-27	8.398640296554563E-27	1.6775605844846678E-26	1.7535831794140175E-27
16.2999999950855	8.377042410692688E-27	8.348501139338279E-27	1.6725543550030968E-26	1.7431144395308984E-27
16.398998995187267	8.452974795825889E-27	8.360255337995683E-27	1.6813230133821573E-26	1.745568642290808E-27
16.399999995188296	8.544420715988968E-27	8.405306577369825E-27	1.6949727293358795E-26	1.754975057229778E-27
16.49999999529109	8.544499114865352E-27	8.462286359254921E-27	1.7006785474120273E-26	1.7668720764110226E-27
16.599999995393887	8.54457751446129E-27	8.589106281927705E-27	1.7133683796388995E-26	1.7933512766300963E-27
16.699999995496682	8.54465591477647E-27	8.678100244135044E-27	1.7222756158911513E-26	1.8119326548126854E-27
16.799999995599478	8.71197710167047E-27	8.757744857997879E-27	1.7469721959668347E-26	1.828561948411474E-27
16.899999995702274	8.71205703795173E-27	8.711206289030438E-27	1.742326332698217E-26	1.8188449886467425E-27
16.99999999580507	8.712136974966398E-27	8.665390003039295E-27	1.7377526978005693E-26	1.8092788370144783E-27
17.05494399586155	8.788074247057519E-27	8.693403633629368E-27	1.7481477880686887E-26	1.8151279066359377E-27
17.099999995907865	8.879497181318034E-27	8.749726900399485E-27	1.762922408171752E-26	1.8268878498179325E-27
17.19999999601066	8.879578654670693E-27	8.850135506145296E-27	1.7729714160815988E-26	1.8478525335994515E-27
17.299999996113456	8.879660128771132E-27	8.975556945626839E-27	1.785521707439797E-26	1.8740397393610807E-27
17.399999996216252	9.046965515050224E-27	9.10516888908755E-27	1.8152134404137775E-26	1.901101896322337E-27
17.499999996319048	9.047048524999733E-27	9.076086047763188E-27	1.812313457276292E-26	1.8950295824245866E-27
17.599999996421843	9.047131535710883E-27	9.02233560565195E-27	1.8069467141362832E-26	1.8838068290156606E-27
17.69999999652464	9.047214547183704E-27	8.98964877737643E-27	1.8036863324560133E-26	1.8769820253674602E-27
17.710888996535832	9.123120192971472E-27	9.026553169520362E-27	1.8149673362491833E-26	1.8846874299392745E-27
17.799999996627434	9.214537202202306E-27	9.117507473245605E-27	1.8332044675447912E-26	1.9036781152808406E-27
17.89999999673023	9.214621749696967E-27	9.244630184220769E-27	1.8459251933917735E-26	1.9302205358100552E-27
17.999999996833026	9.214706297967309E-27	9.346261939516964E-27	1.8560968237484273E-26	1.951440605522415E-27
18.09999999693582	9.382054433083266E-27	9.434488634792814E-27	1.881654306787608E-26	1.9698617835947845E-27
18.199999997038617	9.382140517623204E-27	9.387975845343026E-27	1.877011636296623E-26	1.960150206422797E-27
18.299999997141413	9.382226602953085E-27	9.33650552658933E-27	1.8718732129542415E-26	1.9494035283907607E-27
18.366833997210115	9.458207421400897E-27	9.359806532812278E-27	1.8818013954213176E-26	1.954268631749521E-27
18.39999999724421	9.54952425136664E-27	9.41079478811023E-27	1.896031903947687E-26	1.9649146581679597E-27
18.499999997347004	9.549611872516916E-27	9.503475595040176E-27	1.905308746755709E-26	1.9842658262974133E-27
18.5999999974498	9.549699494471261E-27	9.63534995390084E-27	1.91850494483721E-26	2.011800360959267E-27
18.699999997552595	9.71699299467035E-27	9.779070219393186E-27	1.9496063214063537E-26	2.0418082466019452E-27
18.79999999765539	9.717082152421374E-27	9.753761973899406E-27	1.947084412632078E-26	2.0365240445103686E-27
18.899999997758187	9.717171310990219E-27	9.697294040455562E-27	1.941446535144578E-26	2.0247338960362412E-27
18.999999997860982	9.717260470377282E-27	9.65771130170232E-27	1.9374971772079604E-26	2.016469269753671E-27
19.022777997884397	9.793105874298622E-27	9.692952248596644E-27	1.9486058122895266E-26	2.023827357438845E-27
19.099999997963778	9.884616215871359E-27	9.773523016784316E-27	1.9658139232655674E-26	2.0406500260287874E-27
19.199999998066573	9.884706911640102E-27	9.898951828997841E-27	1.9783658740637945E-26	2.066838771195446E-27
19.29999999816937	9.884797608241063E-27	1.001228075521296E-26	1.9897078363454022E-26	2.0905011364606796E-27
19.399999998272165	1.0052144523752582E-26	1.0110878931874861E-26	2.0163023455627444E-26	2.1110878144436565E-27
19.49999999837496	1.0052236756668309E-26	1.0065502723271931E-26	2.0117739479940241E-26	2.101613548179556E-27
19.599999998477756	1.0052328990430577E-26	1.0008856678719781E-26	2.0061185669150358E-26	2.0897862112255224E-27
19.67872299855868	1.0128286386670369E-26	1.0026327652620925E-26	2.0154614039291293E-26	2.0934340405852287E-27
19.69999999858055	1.0219682972672608E-26	1.0073639158012628E-26	2.0293322130685238E-26	2.1033123847995084E-27
19.799999998683347	1.0219776742828582E-26	1.0156794818928734E-26	2.0376571561757316E-26	2.1206747625097733E-27
19.899999998786143	1.0219870513844938E-26	1.0293454296852566E-26	2.0513324810697503E-26	2.1492083998803963E-27
19.99999999888894	1.0219964285721634E-26	1.0367605710564937E-26	2.058756999628657E-26	2.1646907475518643E-27
20.099999998991734	1.0387293450174193E-26	1.0431757149914305E-26	2.0819050600088498E-26	2.178085163959505E-27
20.19999999909453	1.0387388758231428E-26	1.037348365445734E-26	2.0760872412688766E-26	2.165918025512881E-27
20.299999999197325	1.0387484067162983E-26	1.0327021990026895E-26	2.0714506057189878E-26	2.1562171229139277E-27
20.334667999232963	1.0463435430505384E-26	1.0359705130868263E-26	2.0823140561373647E-26	2.163041156816237E-27
20.39999999930012	1.0554805566653524E-26	1.043066365609839E-26	2.0985469222751912E-26	2.1778568496790045E-27
20.499999999402917	1.055490241170902E-26	1.0552383844941187E-26	2.1107286256650207E-26	2.2032712576844693E-27
20.599999999505712	1.0554999257653185E-26	1.0676244669477972E-26	2.1231243927131155E-26	2.2291326169321723E-27
20.699999999608508	1.0722354079721808E-26	1.0786848260173716E-26	2.1509202339895525E-26	2.2522259496651088E-27
20.799999999711304	1.0722452462109623E-26	1.0743742633785114E-26	2.1466195095894738E-26	2.2432257666459842E-27
20.8999999998141	1.0722550845400314E-26	1.0682550641581681E-26	2.1405101486981995E-26	2.230449264476068E-27
20.990612999907245	1.079858764392496E-26	1.0693145598678297E-26	2.1491733242603257E-26	2.2326614248713058E-27
20.999999999916895	1.0889907200145983E-26	1.0738459670032047E-26	2.162836687017803E-26	2.2421227174466143E-27
21.10000000001969	1.0890007119908541E-26	1.0810341609557354E-26	2.1700348729465895E-26	2.257131213219394E-27
21.200000000122486	1.0890107040587854E-26	1.0949899945410054E-26	2.1840006985997907E-26	2.286270113865344E-27
21.300000000225282	1.0890206962184184E-26	1.1038665574887741E-26	2.1928872537071925E-26	2.3048038176589676E-27
21.400000000328077	1.1057537007097716E-26	1.1109717455824727E-26	2.2167254462922443E-26	2.3196390027521487E-27
21.500000000430873	1.1057638464938575E-26	1.1050684521727073E-26	2.2108322986665647E-26	2.307313298298213E-27
21.60000000053367	1.1057739923710494E-26	1.0997558410760005E-26	2.2055298334470497E-26	2.2962209012741593E-27
21.646557000581527	1.1133597989147287E-26	1.1026523799979375E-26	2.2160121789126662E-26	2.3022686920716467E-27
21.700000000636464	1.1225085065927564E-26	1.1089154393554344E-26	2.2314239459481906E-26	2.3153455653081966E-27
21.80000000073926	1.122518806109679E-26	1.1205160113201947E-26	2.2430348174298737E-26	2.3395668281878646E-27
21.900000000842056	1.1225291057211044E-26	1.1338180610264267E-26	2.2563471667475312E-26	2.367340669323896E-27
22.00000000094485	1.1392661425733543E-26	1.1462225478370537E-26	2.2854886904104082E-26	2.3932404560309805E-27
22.100000001047647	1.1392765958490919E-26	1.1422516365875834E-26	2.2815282324366752E-26	2.3849494436941494E-27
22.200000001150443	1.1392870492207508E-26	1.1357533960630088E-26	2.2750404452837594E-26	2.371381527171135E-27
22.30000000125324	1.1392975026882823E-26	1.1322569292033033E-26	2.2715544318915855E-26	2.3640811248092473E-27
22.30250200125581	1.1468876278083628E-26	1.1360108186294702E-26	2.2828984464378329E-26	2.3719190094037594E-27
22.400000001356034	1.1560400304955318E-26	1.1464466778485843E-26	2.302486708344116E-26	2.393708425668841E-27
22.50000000145883	1.1560506376791568E-26	1.1604996577305324E-26	2.316550295409689E-26	2.423050161672353E-27
22.600000001561625	1.1560612449601212E-26	1.1707733304024718E-26	2.326834575362593E-26	2.444500942497041E-27
22.70000000166442	1.1727971425386722E-26	1.178765076187468E-26	2.35156221872614E-26	2.4611872041455484E-27
22.800000001767216	1.1728079034762994E-26	1.1728934688016312E-26	2.3457013722779306E-26	2.4489276581054648E-27
22.900000001870012	1.1728186645126361E-26	1.1669491199200119E-26	2.339767784432648E-26	2.436516232409312E-27
22.958447001930093	1.1804189110710267E-26	1.16937284820177E-26	2.3497917592727966E-26	2.4415768243941465E-27
23.000000001972808	1.189558430932816E-26	1.1749333545075882E-26	2.3644917854404043E-26	2.4531868111493275E-27
23.100000002075603	1.1895693456627271E-26	1.1857669585376269E-26	2.375336304200354E-26	2.475806693347598E-27
23.2000000021784	1.1895802604927846E-26	1.1998307843798105E-26	2.389411044872595E-26	2.50517107504187E-27
23.300000002281195	1.206315758761015E-26	1.2137001570611363E-26	2.4200159158221512E-26	2.5341294510876764E-27
23.40000000238399	1.2063268272469072E-26	1.2101770642163189E-26	2.416503891463226E-26	2.526773455342819E-27
23.500000002486786	1.2063378958343474E-26	1.2033831682624611E-26	2.4097210640968086E-26	2.5125882289164957E-27
23.60000000258958	1.2063489645233477E-26	1.1990992468059019E-26	2.4054482113292497E-26	2.503643670998407E-27
23.614392002604376	1.2139478770363489E-26	1.2027363967831519E-26	2.4166842738195008E-26	2.511237810979577E-27
23.700000002692377	1.2230854211965774E-26	1.2119373859998246E-26	2.435022807196402E-26	2.5304488965339895E-27
23.800000002795173	1.2230966435516196E-26	1.2258824561902163E-26	2.4489790997418358E-26	2.5595653239180993E-27
23.90000000289797	1.2231078660096146E-26	1.2374611104920658E-26	2.4605689765016805E-26	2.5837408241228395E-27
24.000000003000764	1.2398389355721557E-26	1.2465180547651958E-26	2.4863569903373514E-26	2.602651153050628E-27
24.10000000310356	1.2398503116481624E-26	1.2407906426265888E-26	2.4806409542747512E-26	2.59069267759027E-27
24.200000003206355	1.2398616878285836E-26	1.2342643681189968E-26	2.4741260559475804E-26	2.5770662278688524E-27
24.270336003278658	1.2474503478506954E-26	1.236085229961736E-26	2.4835355778124314E-26	2.580868072731463E-27
24.30000000330915	1.2565965941223951E-26	1.2411134920396469E-26	2.497710086162042E-26	2.5913667670910688E-27
24.400000003411947	1.2566081239574232E-26	1.2509861892620988E-26	2.5075943132195218E-26	2.611980336465678E-27
24.500000003514742	1.2566196538982134E-26	1.2656348025310318E-26	2.5222544564292452E-26	2.642565717451583E-27
24.600000003617538	1.2733582698756976E-26	1.2810682560995694E-26	2.554426525975267E-26	2.6747897957804722E-27
24.700000003720334	1.2733699535065839E-26	1.278102939019661E-26	2.551472892526245E-26	2.668598400664838E-27
24.80000000382313	1.273381637244641E-26	1.2711169303268226E-26	2.5444985675714635E-26	2.6540120549449097E-27
24.900000003925925	1.2733933210899157E-26	1.2660547228126472E-26	2.5394480439025628E-26	2.6434424848014294E-27
24.92628100395294	1.2809835236160346E-26	1.2694597351187949E-26	2.5504432587348295E-26	2.6505519359565518E-27
25.00000000402872	1.2901275810625506E-26	1.2775260880132894E-26	2.56765366907584E-26	2.6673939724036777E-27
25.100000004131516	1.2901394185593525E-26	1.2911521247442152E-26	2.5812915433035677E-26	2.695844278049688E-27
25.20000000423431	1.2901512561647582E-26	1.303917994048609E-26	2.594069250213367E-26	2.72249860834223E-27
25.300000004337107	1.3068908670822163E-26	1.3142146586783305E-26	2.6211055257605465E-26	2.7439973952108904E-27
25.400000004439903	1.3069028583896476E-26	1.3087561751121225E-26	2.61565903350177E-26	2.732600425650346E-27
25.5000000045427	1.3069148498071058E-26	1.3017232515643738E-26	2.6086381013714796E-26	2.717916124668657E-27
25.582226004627223	1.3145165189789025E-26	1.3028378612669978E-26	2.6173543802459003E-26	2.7202433595831253E-27
25.600000004645494	1.3236516593605457E-26	1.3075077060704592E-26	2.631159365431005E-26	2.7299937012665997E-27
25.70000000474829	1.3236638044557583E-26	1.3162334351775328E-26	2.639897239633291E-26	2.7482124735344177E-27
25.800000004851086	1.3236759496624023E-26	1.3312713323914864E-26	2.654947282053889E-26	2.7796106548671387E-27
25.90000000495388	1.3236880949804618E-26	1.339857100850604E-26	2.663545195831066E-26	2.7975371981305785E-27
26.000000005056677	1.3404243027876114E-26	1.3460291556096608E-26	2.686453458397272E-26	2.8104240596173866E-27
26.100000005159472	1.3404366017792994E-26	1.3389623813546692E-26	2.6793989831339683E-26	2.7956690804896322E-27
26.200000005262268	1.3404489008838225E-26	1.333147890395093E-26	2.6735967912789154E-26	2.7835287899348467E-27
26.238171005301506	1.3480525296118902E-26	1.3362167004745487E-26	2.684269230086439E-26	2.7899362720329552E-27
26.300000005365064	1.3571903999624627E-26	1.3432601376065018E-26	2.7004505375689645E-26	2.8046425248558118E-27
26.40000000546786	1.357202852790579E-26	1.3563583510513145E-26	2.713561203841894E-26	2.8319907687669783E-27
26.500000005570655	1.357215305732946E-26	1.370174087694307E-26	2.727389393427253E-26	2.86083715588472E-27
26.60000000567345	1.3739521218741648E-26	1.3818520452617837E-26	2.7558041671359485E-26	2.8852199953209095E-27
26.700000005776246	1.373964728498564E-26	1.376775046423253E-26	2.750739774921817E-26	2.874619541817397E-27
26.800000005879042	1.3739773352386468E-26	1.3693106399548268E-26	2.743287975193474E-26	2.8590343316939285E-27
26.894115005975788	1.3815692074534718E-26	1.3695892198288492E-26	2.751158427282321E-26	2.85961598902725E-27
26.900000005981838	1.390715642003375E-26	1.374111742368441E-26	2.7648273843718157E-26	2.8690587311084E-27
27.000000006084633	1.390728402440573E-26	1.3815246780787162E-26	2.7722530805192894E-26	2.8845364735335474E-27
27.10000000618743	1.3907411629948674E-26	1.396756232450422E-26	2.787497395445289E-26	2.9163389988137075E-27
27.200000006290225	1.3907539236662066E-26	1.406878133703382E-26	2.797632057369589E-26	2.9374728905142875E-27
27.30000000639302	1.407494213899907E-26	1.4139462584999815E-26	2.8214404723998886E-26	2.9522306897408603E-27
27.400000006495816	1.407507128287985E-26	1.4069109688978126E-26	2.8144180971857976E-26	2.93754144857799E-27
27.50000000659861	1.4075200427945597E-26	1.4003820512905815E-26	2.8079020940851414E-26	2.923909480218237E-27
27.55006000665007	1.4151170601196835E-26	1.4029831323604592E-26	2.818100192480143E-26	2.9293403736278377E-27
27.600000006701407	1.4242644646058465E-26	1.4091545248810987E-26	2.833418989486945E-26	2.9422258522776984E-27
27.700000006804203	1.4242775328684687E-26	1.4215179156626863E-26	2.8457954485311553E-26	2.9680398328028145E-27
27.800000006907	1.4242906012510258E-26	1.4362257107420937E-26	2.860516311993119E-26	2.9987487817072558E-27
27.900000007009794	1.441027033503133E-26	1.4494135371615816E-26	2.890440570664715E-26	3.02628413211661E-27
28.00000000711259	1.4410402555698111E-26	1.444834444503929E-26	2.88587470007374E-26	3.01672327532584E-27
28.100000007215385	1.441053477757798E-26	1.437032151773567E-26	2.878085629531365E-26	3.0004325799833494E-27
28.20000000731818	1.4410667000670986E-26	1.4326458981094438E-26	2.8737125981765424E-26	2.991274358855067E-27
28.206005007324354	1.4486613787509533E-26	1.4363739504340697E-26	2.8850353291850233E-26	2.9990582971950198E-27
28.300000007420977	1.4578081356032178E-26	1.4468966330910834E-26	2.9047047686943015E-26	3.0210289953308035E-27
28.400000007523772	1.4578215116439988E-26	1.4621117059540338E-26	2.9199332175980323E-26	3.0527971082697354E-27
28.500000007626568	1.4578348878075544E-26	1.4736824045091886E-26	2.931517292316743E-26	3.076955997408156E-27
28.600000007729363	1.4745711469733138E-26	1.4818297972628528E-26	2.9564009442361663E-26	3.0939672400827483E-27
28.70000000783216	1.4745846768222113E-26	1.47494263682127E-26	2.949527313643481E-26	3.0795872832639574E-27
28.800000007934955	1.4745982067952607E-26	1.4677513266811442E-26	2.942349533476405E-26	3.0645722810499012E-27
28.861950007998637	1.4822050349084784E-26	1.4697665812080326E-26	2.951971616116511E-26	3.068780005566281E-27
28.90000000803775	1.4913360121490386E-26	1.4752192034207272E-26	2.966555215569766E-26	3.0801647371243204E-27
29.000000008140546	1.491349695823046E-26	1.4866449042467392E-26	2.977994600069785E-26	3.104020880144489E-27
29.10000000824334	1.491363379622609E-26	1.5020674236046177E-26	2.9934308032272265E-26	3.136222128293661E-27
29.200000008346137	1.508099081526007E-26	1.5168688763592822E-26	3.024967957885289E-26	3.1671266287621896E-27
29.300000008448933	1.5081129190086646E-26	1.5129003532786644E-26	3.021013272287329E-26	3.158840602753777E-27
29.40000000855173	1.5081267566183138E-26	1.5048648752393802E-26	3.012991631857694E-26	3.1420630311816218E-27
29.500000008654524	1.5081405943549153E-26	1.4996002870238425E-26	3.0077408813787575E-26	3.1310709028792876E-27
29.51789500867292	1.5157496760767865E-26	1.503161569930726E-26	3.018911246007512E-26	3.138506637186283E-27
29.60000000875732	1.5248812926743028E-26	1.5123574274589835E-26	3.0372387201332866E-26	3.1577070081000205E-27
29.700000008860115	1.524895284141258E-26	1.5273376611051384E-26	3.0522329452463964E-26	3.1889847915681977E-27
29.80000000896291	1.5249092757365825E-26	1.5402432364739285E-26	3.065152512210511E-26	3.215930819347229E-27
29.900000009065707	1.541642566507418E-26	1.5496445754766017E-26	3.0912871419840196E-26	3.235560222733526E-27
30.000000009168502	1.5416567117665558E-26	1.5430315424462227E-26	3.0846882542127785E-26	3.221752626663564E-27
30.100000009271298	1.5416708571554693E-26	1.5352505320478585E-26	3.076921389203328E-26	3.2055063674815843E-27
30.1738390093472	1.5492737868240616E-26	1.5365461690348378E-26	3.085819955858899E-26	3.208211575937242E-27
30.200000009374094	1.5584168876258182E-26	1.5414814540340408E-26	3.099898341659859E-26	3.2185161400054655E-27
30.30000000947689	1.558431186796863E-26	1.551778235470314E-26	3.1102094222671774E-26	3.240015170515863E-27
30.400000009579685	1.5584454860990884E-26	1.567726783993672E-26	3.126172270092761E-26	3.2733147344095356E-27
30.50000000968248	1.5584597855325208E-26	1.5757910296028745E-26	3.1342508151353955E-26	3.2901523708597846E-27
30.600000009785276	1.5752021354590024E-26	1.5809749861955461E-26	3.156177121654549E-26	3.300976145641864E-27
30.700000009888072	1.5752165886421786E-26	1.572819252911877E-26	3.148035841554056E-26	3.2839474886956734E-27
30.800000009990868	1.5752310419579367E-26	1.5666999780600827E-26	3.141931020018019E-26	3.271170828574512E-27
30.829784010021484	1.582828354046804E-26	1.5699570432915899E-26	3.152785397338394E-26	3.277971375551075E-27
30.900000010093663	1.5919701655234716E-26	1.5779547716531244E-26	3.1699249371765964E-26	3.294670128297121E-27
31.00000001019646	1.591984772560809E-26	1.5924817398281677E-26	3.184466512388977E-26	3.325001522044462E-27
31.100000010299254	1.5919993797321614E-26	1.6065866683138045E-26	3.198586048045966E-26	3.3544517235296604E-27
31.20000001040205	1.6087405636376336E-26	1.6174037512501558E-26	3.2261443148877897E-26	3.377037110995245E-27
31.300000010504846	1.6087553245508583E-26	1.6111928932411673E-26	3.2199482177920256E-26	3.3640692310125836E-27
31.40000001060764	1.6087700855995333E-26	1.6029112671385824E-26	3.211681352738116E-26	3.346777717795155E-27
31.485729010695767	1.6163870312864497E-26	1.603371100036667E-26	3.2197581313231167E-26	3.347737820000029E-27
31.500000010710437	1.6255141204245777E-26	1.607980257147801E-26	3.233494377572379E-26	3.3573614495950765E-27
31.600000010813233	1.6255290352426637E-26	1.6169594478141346E-26	3.242488483056798E-26	3.376109433646187E-27
31.70000001091603	1.6255439501976184E-26	1.633218573097675E-26	3.258762523295293E-26	3.4100574622443165E-27
31.800000011018824	1.6255588652894333E-26	1.642958266420123E-26	3.268517131709556E-26	3.430393327902197E-27
31.90000001112162	1.6423024312123024E-26	1.6490291929350588E-26	3.2913316241473615E-26	3.443069039960437E-27
32.000000011224415	1.6423175000706673E-26	1.640881497470532E-26	3.283198997541199E-26	3.426057165469402E-27
32.10000001097194	1.64233256906727E-26	1.633953609396387E-26	3.276286178463657E-26	3.411592171912441E-27
32.14167401086672	1.6499431792915708E-26	1.63678834915938E-26	3.2867315284509506E-26	3.41751092993229E-27
32.200000010719464	1.6590740833651677E-26	1.6437188228113445E-26	3.302792906176512E-26	3.431981322125043E-27
32.30000001046699	1.6590893061109175E-26	1.6575697429967904E-26	3.316659049107708E-26	3.460901170296292E-27
32.40000001021451	1.65910452899634E-26	1.672711656956544E-26	3.331816185952884E-26	3.4925165320860506E-27
32.50000000996204	1.6758472787828838E-26	1.6850755387558468E-26	3.360922817538731E-26	3.518331538063265E-27
32.60000000970956	1.675862655430189E-26	1.6793912862414218E-26	3.355253941671611E-26	3.50646317715244E-27
32.700000009457085	1.675878032218587E-26	1.6707094147584538E-26	3.3465874469770407E-26	3.488335976808138E-27
32.79761800921062	1.6834813715925507E-26	1.6701980825321836E-26	3.3536794541247346E-26	3.4872683474524795E-27
32.80000000920461	1.6926161089827987E-26	1.674713816085855E-26	3.367329925068654E-26	3.4966969145470334E-27
32.900000008952134	1.6926316394916168E-26	1.682206238132574E-26	3.374837877624191E-26	3.5123406194521015E-27
33.00000000869966	1.6926471701429632E-26	1.6985550924269056E-26	3.391202262569869E-26	3.546475996576008E-27
33.10000000844718	1.692662700936775E-26	1.7098853252228176E-26	3.402548026159593E-26	3.570132808390771E-27
33.200000008194706	1.7094041869854893E-26	1.7170368706869327E-26	3.4264410576724217E-26	3.5850647846867684E-27
33.30000000794223	1.7094198715324362E-26	1.709026640772419E-26	3.418446512304855E-26	3.568339929594131E-27
33.400000007689755	1.7094355562233005E-26	1.7013503863270932E-26	3.410785942550394E-26	3.552312394228047E-27
33.45356300755452	1.7170366201677715E-26	1.7036170314291463E-26	3.420653651596918E-26	3.557045006406399E-27
33.50000000743728	1.7261744299464202E-26	1.7096558004002675E-26	3.4358302303466873E-26	3.569653575438449E-27
33.6000000071848	1.726190268367822E-26	1.7226128214356776E-26	3.4488030898035E-26	3.59670701854288E-27
33.70000000693233	1.7262061069345448E-26	1.7386089973952288E-26	3.4648151043297736E-26	3.6301060255421754E-27
33.80000000667985	1.742945833858014E-26	1.7526278596383198E-26	3.495573693496334E-26	3.65937652635337E-27
33.900000006427376	1.7429618261645514E-26	1.747591150775551E-26	3.490552976940102E-26	3.6488601957631944E-27
34.0000000061749	1.742977818617831E-26	1.7386217910815748E-26	3.4815996096994056E-26	3.630132738153378E-27
34.100000005922425	1.7429938112178194E-26	1.7333527882338688E-26	3.4763465994516885E-26	3.619131392367531E-27
34.10950800589842	1.7505971551914972E-26	1.7370389531503367E-26	3.487636108341834E-26	3.626827872430022E-27
34.20000000566995	1.75973561623022E-26	1.7475414346362443E-26	3.5072770508664647E-26	3.648756391798145E-27
34.30000000541747	1.7597517625904956E-26	1.7637576268587816E-26	3.523509389449277E-26	3.682614778886487E-27
34.400000005165	1.7597679090989327E-26	1.7765709919218607E-26	3.5363389010207934E-26	3.709368277383374E-27
34.50000000491252	1.7765105939432584E-26	1.7849852891838334E-26	3.561495883127092E-26	3.726936799825019E-27
34.600000004660046	1.7765268942214277E-26	1.777242809931531E-26	3.5537697041529586E-26	3.710770991232324E-27
34.70000000440757	1.7765431946491614E-26	1.7688920902696212E-26	3.5454352849187826E-26	3.693335215008734E-27
34.76545300424232	1.7841605756828618E-26	1.7704671827108815E-26	3.5546277583937434E-26	3.696623908824627E-27
34.800000004155095	1.7932855473445125E-26	1.775794451289955E-26	3.5690799986344675E-26	3.7077469098896644E-27
34.90000000390262	1.7933020015404163E-26	1.7876538054588497E-26	3.580955806999266E-26	3.732508493779565E-27
35.00000000365014	1.793318455887259E-26	1.8043114029126404E-26	3.5976298587998996E-26	3.767288507169653E-27
35.10000000339767	1.8100665134198463E-26	1.8200787900883381E-26	3.6301453035081845E-26	3.800209817812326E-27
35.20000000314519	1.8100831215885725E-26	1.8158039246399315E-26	3.625887046228504E-26	3.791284168242684E-27
35.300000002892716	1.810099729909708E-26	1.8066692059810046E-26	3.6167689358907126E-26	3.77221145153417E-27
35.40000000264024	1.8101163383831928E-26	1.8004486286639346E-26	3.6105649670471277E-26	3.759223278241083E-27
35.42139700258622	1.8177106586688774E-26	1.8038962296019184E-26	3.621606888270796E-26	3.766421651753671E-27
35.500000002387765	1.8268620507363182E-26	1.813016746961818E-26	3.639878797698136E-26	3.785464717146353E-27
35.60000000213529	1.8268788130115933E-26	1.8288703337140333E-26	3.655749146725626E-26	3.8185660068779786E-27
35.70000000188281	1.8268955754407174E-26	1.843032271949753E-26	3.6699278473904705E-26	3.848135241151013E-27
35.80000000163034	1.843637761912159E-26	1.8528721288617743E-26	3.696509890773933E-26	3.868680242271786E-27
35.90000000137786	1.8436546781121086E-26	1.845530264085864E-26	3.689184942197973E-26	3.853350891447877E-27
36.000000001125386	1.8436715944672637E-26	1.8365950243505155E-26	3.6802666188177795E-26	3.8346946741552226E-27
36.077342000930116	1.8512786823818158E-26	1.8373301491149174E-26	3.6886088314967335E-26	3.836229568410369E-27
36.10000000087291	1.860411457658315E-26	1.842165112609943E-26	3.702576570268258E-26	3.846324667493144E-27
36.200000000620435	1.8604285277643633E-26	1.8527284268246336E-26	3.713156954588997E-26	3.8683802016655155E-27
36.30000000036796	1.8604455980270817E-26	1.8698330626664532E-26	3.730278660693535E-26	3.904093603035288E-27
36.40000000011548	1.8604626684464272E-26	1.878963217704323E-26	3.7394258861507503E-26	3.9231567911953236E-27
36.49999999986301	1.8772113785502408E-26	1.8839963161557102E-26	3.761207694705951E-26	3.933665583663804E-27
36.59999999961053	1.87722860280308E-26	1.8748247316026155E-26	3.7520533344056956E-26	3.914515893288415E-27
36.699999999358056	1.877245827213976E-26	1.8676951480330485E-26	3.744940975247025E-26	3.899629772240785E-27
36.733286999274014	1.8848517773630418E-26	1.8707749457531E-26	3.7556267231161416E-26	3.9060601958186955E-27
36.79999999910558	1.8939877817652467E-26	1.8786382525921164E-26	3.7726260343573634E-26	3.922478284897672E-27
36.899999998853104	1.8940051599491012E-26	1.8938970798418775E-26	3.7879022397909787E-26	3.9543377542876175E-27
36.99999999860063	1.8940225382924227E-26	1.9092478609942707E-26	3.8032703992866934E-26	3.986389217632261E-27
37.09999999834815	1.9107639945278205E-26	1.9206566252278153E-26	3.831420619755636E-26	4.010209998335108E-27
37.19999999809568	1.9107815266409214E-26	1.9138491515114082E-26	3.824630678152329E-26	3.9959964223529194E-27
37.2999999978432	1.9107990589149004E-26	1.904435672405841E-26	3.8152347313207413E-26	3.976341671399446E-27
37.38923199761791	1.9184242544471003E-26	1.904214130404178E-26	3.822638384851278E-26	3.975879105752204E-27
37.399999997590726	1.9275438100426355E-26	1.9087723574867678E-26	3.836316167529403E-26	3.985396396649445E-27
37.49999999733825	1.9275614961180234E-26	1.9178579913106896E-26	3.8454194874287133E-26	4.004366627321916E-27
37.599999997085774	1.927579182355683E-26	1.9351868219153647E-26	3.8627660042710474E-26	4.040548133229765E-27
37.6999999968333	1.9275968687556522E-26	1.9460531326255726E-26	3.8736500013812245E-26	4.0632363049914824E-27
37.79999999658082	1.9443369013520414E-26	1.9521430378153437E-26	3.896479939167385E-26	4.075951643305096E-27
37.89999999632835	1.944354741511585E-26	1.9430651976921368E-26	3.887419939203722E-26	4.056997685386158E-27
37.99999999607587	1.944372581834791E-26	1.935082739900692E-26	3.879455321735483E-26	4.040330816724865E-27
38.04517599596181	1.9519734488290646E-26	1.9376420782700134E-26	3.8896155270990777E-26	4.0456745539859594E-27
38.099999995823396	1.9611189153344098E-26	1.9444274042598173E-26	3.905546319594227E-26	4.059841887006452E-27
38.19999999557092	1.961136909476393E-26	1.9588724817150186E-26	3.9200093911914116E-26	4.090002298128918E-27
38.299999995318444	1.9611549037834884E-26	1.9752413198456703E-26	3.9363962236291584E-26	4.124179400272382E-27
38.39999999506597	1.9778993774282963E-26	1.988343687599362E-26	3.966243065027658E-26	4.15153631836041E-27
38.49999999481349	1.9779175255385418E-26	1.982193825133329E-26	3.960111350671871E-26	4.138695793211438E-27
38.59999999456102	1.9779356738152804E-26	1.9724111958672905E-26	3.950346869682571E-26	4.118270279990121E-27
38.69999999430854	1.9779538222585598E-26	1.967321512934304E-26	3.945275335192864E-26	4.1076433428745466E-27
38.70112099430571	1.9855503213185938E-26	1.9710900509073077E-26	3.956640372225901E-26	4.115511812680453E-27
38.799999994056066	1.9946980418759276E-26	1.9830673732473164E-26	3.9777654151232437E-26	4.1405197067819836E-27
38.89999999380359	1.9947163441214242E-26	2.0003925717059233E-26	3.995108915827348E-26	4.176693629003764E-27
38.999999993551114	1.9947346465348335E-26	2.012895981939365E-26	4.0076306284741985E-26	4.202799961373152E-27
39.09999999329864	2.0114776340960374E-26	2.0202397293514902E-26	4.031717363447528E-26	4.218133243202741E-27
39.19999999304616	2.0114960903017422E-26	2.0113960144257992E-26	4.0228921047275417E-26	4.199668123933958E-27
39.29999999279369	2.0115145466768328E-26	2.0026372326681732E-26	4.0141517793450057E-26	4.181380339766818E-27
39.35706599264961	2.0191282467169673E-26	2.0045387599091127E-26	4.0236670066260796E-26	4.185350608857765E-27
39.39999999254121	2.0282578147008852E-26	2.010421497455285E-26	4.03867931215617E-26	4.1976333941052424E-27
39.499999992288735	2.0282764248722922E-26	2.023828459708497E-26	4.052104884580789E-26	4.225626286132337E-27
39.59999999203626	2.0282950352144217E-26	2.0410140850034466E-26	4.0693091202178686E-26	4.2615087883911475E-27
39.699999991783784	2.0450403024001723E-26	2.055905634933497E-26	4.1009459373336694E-26	4.29260140607487E-27
39.79999999153131	2.045059066558373E-26	2.0505388340041084E-26	4.0955979005624814E-26	4.2813958640492875E-27
39.89999999127883	2.0450778308887355E-26	2.0405169292464374E-26	4.085594760135173E-26	4.260470758681528E-27
39.99999999102636	2.0450965953913092E-26	2.0343694119367295E-26	4.0794660073280387E-26	4.247635130069954E-27
40.01300999099351	2.0526824997833044E-26	2.0379798325013517E-26	4.090662332284656E-26	4.2551734606931886E-27
40.09999999077388	2.0618355566124312E-26	2.0483896849593972E-26	4.1102252415718284E-26	4.276908576493373E-27
40.199999990521405	2.0618544748745704E-26	2.065468060619453E-26	4.1273225354940234E-26	4.312567148276704E-27
40.29999999026893	2.06187339331032E-26	2.0794768570739593E-26	4.141350250384279E-26	4.3418166321826134E-27
40.399999990016454	2.0786252590194442E-26	2.0882529005968838E-26	4.166878159616328E-26	4.360140457998962E-27
40.49999998976398	2.078644331334614E-26	2.0797918026817234E-26	4.1584361340163373E-26	4.3424742189256174E-27
40.5999999895115	2.078663403824789E-26	2.0703558518686698E-26	4.1490192556934587E-26	4.3227725484553665E-27
40.66895498933741	2.0862713515478806E-26	2.0714463626014724E-26	4.157717714149353E-26	4.325049466200534E-27
40.69999998925903	2.0954096704242702E-26	2.0766487384030285E-26	4.1720584088272983E-26	4.335911699013223E-27
40.79999998900655	2.095428896743923E-26	2.0888030441711518E-26	4.184231940915075E-26	4.361289123269222E-27
40.899999988754075	2.095448123239967E-26	2.1065861137175012E-26	4.2020342369574687E-26	4.398419051468408E-27
40.9999999885016	2.112190531305296E-26	2.123333641607036E-26	4.235524172912332E-26	4.433386834133394E-27
41.099999988249124	2.1122099115968453E-26	2.118866913009355E-26	4.2310768246062E-26	4.424060586395806E-27
41.19999998799665	2.1122292920662222E-26	2.1087450302757236E-26	4.2209743223419455E-26	4.402926733313327E-27
41.29999998774417	2.1122486727134374E-26	2.1015829300628292E-26	4.2138316027762666E-26	4.3879727195554E-27
41.324899987681306	2.1198532145976023E-26	2.1049017450919343E-26	4.2247549596895366E-26	4.394902196201661E-27
41.3999999874917	2.1289941180685946E-26	2.113869399671032E-26	4.242863517739627E-26	4.413626093744541E-27
41.49999998723922	2.1290136525405884E-26	2.1304628087847423E-26	4.2594764613253304E-26	4.448272085955699E-27
41.599999986986745	2.1290331871917843E-26	2.1458253139994922E-26	4.274858501191276E-26	4.4803480284220274E-27
41.69999998673427	2.1457782714545607E-26	2.1561789205062431E-26	4.301957191960804E-26	4.501965706299758E-27
41.799999986481794	2.145797959928625E-26	2.148233229167127E-26	4.294031189095752E-26	4.485375603664299E-27
41.89999998622932	2.145817648583326E-26	2.1382187071975432E-26	4.284036355780869E-26	4.4644659130881635E-27
41.980844986025204	2.1534368375663072E-26	2.1383622676119326E-26	4.29179910517824E-26	4.464765658260397E-27
41.99999998597684	2.16256151120676E-26	2.143102406194032E-26	4.3056639174007917E-26	4.474662768896105E-27
42.09999998572437	2.162581353674554E-26	2.1538112073438188E-26	4.316392561018373E-26	4.497022070634564E-27
42.19999998547189	2.162601196324426E-26	2.1719703334805198E-26	4.334571529804946E-26	4.5349371812937105E-27
42.299999985219415	2.1626210391563416E-26	2.1821705576594423E-26	4.344791596815784E-26	4.556234606379322E-27
42.39999998496694	2.1793683048116268E-26	2.187160110597349E-26	4.366528415408976E-26	4.566652478542587E-27
42.499999984714464	2.1793883014892678E-26	2.1770776688839754E-26	4.356465970373243E-26	4.545600975820966E-27
42.59999998446199	2.1794082983503381E-26	2.168958013743705E-26	4.348366312094043E-26	4.528647647734736E-27
42.636788984369105	2.1870004124014696E-26	2.1718166145542485E-26	4.358817026955718E-26	4.534616226102076E-27
42.69999998420951	2.1961528256287466E-26	2.1795143162602962E-26	4.3756671418890425E-26	4.550688542101498E-27
42.799999983957036	2.1961729763118414E-26	2.1953839852926175E-26	4.391556961604459E-26	4.5838234106505236E-27
42.89999998370456	2.1961931271798237E-26	2.2119240466754047E-26	4.4081171738552284E-26	4.618358016169504E-27
42.999999983452085	2.212939433764286E-26	2.2239926704040686E-26	4.4369321041683547E-26	4.6435565418939854E-27
43.09999998319961	2.212959738472023E-26	2.2167035476655285E-26	4.4296632861375516E-26	4.628337313105584E-27
43.19999998294713	2.2129800433660484E-26	2.2062339975058835E-26	4.419214040871932E-26	4.606477552349509E-27
43.292733982713	2.2205948020400035E-26	2.205287007663132E-26	4.425881809703135E-26	4.604500297328435E-27
43.29999998269466	2.2297299567967338E-26	2.2098210353985076E-26	4.439550992195242E-26	4.613967061508019E-27
43.39999998244218	2.2297504155649947E-26	2.218902551921526E-26	4.4486529674865206E-26	4.63292869552932E-27
43.499999982189706	2.22977087452098E-26	2.237199396377473E-26	4.466970270898453E-26	4.6711313533625574E-27
43.59999998193723	2.2297913336647113E-26	2.249185890052834E-26	4.4789772237175454E-26	4.69615839655743E-27
43.699999981684755	2.2465391506842654E-26	2.2554036451847428E-26	4.501942795869008E-26	4.70914067747567E-27
43.79999998143228	2.2465597636844146E-26	2.245506162420154E-26	4.492065926104569E-26	4.688475357376785E-27
43.8999999811798	2.2465803768737057E-26	2.236503621604562E-26	4.483083998478268E-26	4.6696786196531354E-27
43.9486789810569	2.2541884864369309E-26	2.2387600914867968E-26	4.4929485779237277E-26	4.674389986597905E-27
43.99999998092733	2.263325135225734E-26	2.2453606698405453E-26	4.5086858050662797E-26	4.688171578197423E-27
44.09999998067485	2.263345902244795E-26	2.260275117468158E-26	4.523621019712953E-26	4.719312004672607E-27
44.199999980422376	2.2633666694543745E-26	2.2777983292057738E-26	4.5411649986601486E-26	4.7558993661614766E-27
44.2999999801699	2.2801156453256247E-26	2.2916919929298864E-26	4.571807638255511E-26	4.784908460349487E-27
44.399999979917425	2.2801365664050942E-26	2.2851907810277417E-26	4.565327347432836E-26	4.771334339717571E-27
44.49999997966495	2.2801574876765145E-26	2.274395961401443E-26	4.554553449077958E-26	4.748795436816291E-27
44.59999997941247	2.2801784091398955E-26	2.2684954510347045E-26	4.5486738601746E-26	4.7364755431244414E-27
44.6046239794008	2.2877836459909555E-26	2.2722367512096747E-26	4.56002039720063E-26	4.744287142119612E-27
44.69999997916	2.296928385775967E-26	2.2841012252990996E-26	4.581029611075067E-26	4.7690594161919E-27
44.79999997890752	2.2969494611198412E-26	2.3022891249683873E-26	4.599238586088229E-26	4.807034604182903E-27
44.899999978655046	2.29697053665712E-26	2.315941154739205E-26	4.612911691396325E-26	4.835539181757238E-27
44.99999997840257	2.3137181005326697E-26	2.3235722981541163E-26	4.6372903986867863E-26	4.851472528311213E-27
45.099999978150095	2.313739329929664E-26	2.314010293264673E-26	4.6277496231943367E-26	4.8315076648652825E-27
45.19999997789762	2.313760559521482E-26	2.304218017675142E-26	4.6179785771966244E-26	4.811062010713951E-27
45.2605679777447	2.3213640508178793E-26	2.3057061569761715E-26	4.627070207794051E-26	4.814169151837181E-27
45.29999997764514	2.330512964142718E-26	2.3114326825566855E-26	4.641945646699404E-26	4.826125776343621E-27
45.39999997739267	2.3305343476401094E-26	2.32516867640914E-26	4.65570302404925E-26	4.854805665626735E-27
45.49999997714019	2.3305557313336999E-26	2.3434629263101654E-26	4.6740186576438653E-26	4.893002906201019E-27
45.599999976887716	2.347304389765515E-26	2.3592642078930868E-26	4.706568597658602E-26	4.925994986226365E-27
45.69999997663524	2.347325927331738E-26	2.3536738736081246E-26	4.7009998009398625E-26	4.9143227206382854E-27
45.799999976382765	2.3473474650955597E-26	2.3426909167724668E-26	4.690038381868027E-26	4.89139099910059E-27
45.89999997613029	2.3473690030570046E-26	2.3356635902848182E-26	4.683032593341823E-26	4.876718384378112E-27
45.9165129760886	2.3549669804655995E-26	2.3391894615282078E-26	4.6941564419938076E-26	4.884080181343054E-27
45.99999997587781	2.3641160005274106E-26	2.3494355931035374E-26	4.713551593630948E-26	4.905473458262622E-27
46.09999997562534	2.3641376923476586E-26	2.3672678783130023E-26	4.731405570660661E-26	4.9427061456828904E-27
46.19999997537286	2.3641593843669342E-26	2.3824412386537403E-26	4.746600623020674E-26	4.974387165590286E-27
46.299999975120386	2.3809039791719623E-26	2.391650885913923E-26	4.7725548650858854E-26	4.9936163286668264E-27
46.39999997486791	2.3809258250293987E-26	2.3825708755719348E-26	4.7634967006013335E-26	4.974657839449983E-27
46.499999974615434	2.3809476710872658E-26	2.372093313840409E-26	4.753040984927675E-26	4.95278135103005E-27
46.572457974432496	2.388563284899727E-26	2.3726668645727886E-26	4.7612301494725155E-26	4.953978888873524E-27
46.59999997436296	2.3976945599638665E-26	2.3777336685976443E-26	4.775428228561511E-26	4.9645580563577654E-27
46.69999997411048	2.3977165598824213E-26	2.3900759819662478E-26	4.787792541848669E-26	4.990328028647566E-27
46.79999997385801	2.397738560002804E-26	2.4089090685619143E-26	4.806647628564718E-26	5.0296503262778826E-27
46.89999997360553	2.3977605603250968E-26	2.4182529969605646E-26	4.8160135572856615E-26	5.04915985976201E-27
46.999999973353056	2.4145120932034E-26	2.4221130327524205E-26	4.8366251259558205E-26	5.057219371314627E-27
47.09999997310058	2.4145342474303254E-26	2.411094469359347E-26	4.825628716789672E-26	5.0342133055267734E-27
47.199999972848104	2.4145564018605408E-26	2.4029978914036578E-26	4.8175542932641983E-26	5.017308161139668E-27
47.228402972776394	2.4221722452231427E-26	2.4061589385187328E-26	4.828331183741876E-26	5.023908228321282E-27
47.29999997259563	2.4313063212741678E-26	2.4149298805016352E-26	4.846236201775803E-26	5.042221402363775E-27
47.39999997234315	2.4313286295955985E-26	2.4321561099650904E-26	4.863484739560689E-26	5.078188683594415E-27
47.49999997209068	2.4313509381217374E-26	2.4486795540998794E-26	4.880030492221617E-26	5.112688593362212E-27
47.5999999718382	2.4480986947793042E-26	2.459617340931228E-26	4.907716035710532E-26	5.135526002924983E-27
47.699999971585726	2.4481211571782892E-26	2.4511702793540498E-26	4.899291436532339E-26	5.117889070827775E-27
47.79999997133325	2.4481436197833896E-26	2.440132915356396E-26	4.888276535139786E-26	5.094843750561742E-27
47.884346971120294	2.4557534570405848E-26	2.439635037167506E-26	4.895388494208091E-26	5.093804212355301E-27
47.899999971080774	2.4648967729390946E-26	2.444303804639066E-26	4.909200577578161E-26	5.1035523046064266E-27
47.9999999708283	2.4649193894679092E-26	2.4550552331784636E-26	4.919974622646373E-26	5.126000609660158E-27
48.09999997057582	2.4649420062042814E-26	2.4741863469866985E-26	4.93912835319098E-26	5.16594516932781E-27
48.19999997032335	2.4649646231481786E-26	2.48546458209601E-26	4.950429205244189E-26	5.189493413293593E-27
48.29999997007087	2.481714585136504E-26	2.4905115006468662E-26	4.97222608578337E-26	5.200031061226997E-27
48.399999969818396	2.481737355976319E-26	2.4796082796733673E-26	4.9613456356496867E-26	5.177265823137755E-27
48.49999996956592	2.4817601270250387E-26	2.4705136059235443E-26	4.952273732948583E-26	5.158276717647287E-27
48.54029196946419	2.4893623213110094E-26	2.4731284646810092E-26	4.962490785992019E-26	5.163736377966858E-27
48.599999969313444	2.4985088260612883E-26	2.480618457646778E-26	4.9791272837080664E-26	5.1793750112085226E-27
48.69999996906097	2.4985317509957607E-26	2.496993971094084E-26	4.9955257220898444E-26	5.213566051027603E-27
48.79999996880849	2.4985546761405946E-26	2.514675976614892E-26	5.0132306527554864E-26	5.2504849639411525E-27
48.89999996855602	2.51530159700295E-26	2.5274623135705778E-26	5.0427639105735277E-26	5.277182029636111E-27
48.99999996830354	2.5153246760185918E-26	2.5197885893434246E-26	5.0351132653620166E-26	5.2611597771752676E-27
49.099999968051065	2.5153477552459757E-26	2.5083227067395817E-26	5.023670461985558E-26	5.237219737069279E-27
49.19623696780809	2.5229724334299856E-26	2.506621021314819E-26	5.0295934547448045E-26	5.2336667252367644E-27
49.19999996779859	2.53210339409023E-26	2.5111406827664085E-26	5.0432440768566386E-26	5.243103493516368E-27
49.299999967546114	2.532126627269867E-26	2.5201218717855808E-26	5.052248499055448E-26	5.261855650044264E-27
49.39999996729364	2.5321498606626464E-26	2.539301165776547E-26	5.071451026439193E-26	5.30190080690037E-27
49.49999996704116	2.5321730942686227E-26	2.552405612309036E-26	5.084578706577659E-26	5.3292620652021816E-27
49.59999996678869	2.5489204234590977E-26	2.5588361491665182E-26	5.107756572625616E-26	5.342688620938711E-27
49.69999996653621	2.5489438109424456E-26	2.5482041805707653E-26	5.097147991513211E-26	5.3204897407129235E-27
49.799999966283735	2.54896719864041E-26	2.5382004293618396E-26	5.0871676280022495E-26	5.299602538790875E-27
49.85218196615199	2.5565904360977411E-26	2.540119254029702E-26	5.096709690127443E-26	5.303608923806045E-27
49.89999996603126	2.565716583217373E-26	2.5465175954199116E-26	5.1122341786372843E-26	5.316968257371404E-27
49.999999965778784	2.5657401248129833E-26	2.5618055118446926E-26	5.127545636657676E-26	5.348888463169233E-27
50.09999996552631	2.565763666624629E-26	2.5804360166160703E-26	5.146199683240699E-26	5.3877877827315634E-27
50.19999996527383	2.582517468492875E-26	2.595172776759771E-26	5.177690245252646E-26	5.4185572090945954E-27
50.29999996502136	2.5825411642441498E-26	2.5884091146794024E-26	5.170950278923552E-26	5.404435109027565E-27
50.39999996476888	2.582564860212821E-26	2.5766605750611264E-26	5.159225435273947E-26	5.37990489889056E-27
50.499999964516405	2.5825885563989465E-26	2.5699276094125518E-26	5.152516165811498E-26	5.365846891038905E-27
50.50812596449589	2.590178182530585E-26	2.5736104518067695E-26	5.1637886343373547E-26	5.373536433868298E-27
50.59999996426393	2.5993350679790596E-26	2.5853090636777446E-26	5.184644131656805E-26	5.397962398087216E-27
50.699999964011454	2.599358918039319E-26	2.6042733899360645E-26	5.203632307975383E-26	5.437558715872181E-27
50.79999996375898	2.5993827683184137E-26	2.6190630533731576E-26	5.218445821691571E-26	5.468438600843613E-27
50.8999999635065	2.6161354712358414E-26	2.6270634993210977E-26	5.243198970556938E-26	5.48514302779788E-27
50.99999996325403	2.6161594754473126E-26	2.616870579431682E-26	5.233030054878995E-26	5.463860853592639E-27
51.09999996300155	2.6161834798790554E-26	2.606073484202895E-26	5.22225696408195E-26	5.4413171993644396E-27
51.16407096283979	2.6237931686590184E-26	2.60711545361886E-26	5.230908622277878E-26	5.443492765886177E-27
51.199999962749075	2.6329333134473755E-26	2.6126661044207144E-26	5.24559941786809E-26	5.455082174938047E-27
51.2999999624966	2.632957471786532E-26	2.626629847163554E-26	5.259587318950086E-26	5.484237589562099E-27
51.399999962244124	2.632981630347354E-26	2.645969026071434E-26	5.278950656418788E-26	5.5246165760528906E-27
51.49999996199165	2.6497423803018425E-26	2.662722461466069E-26	5.312464841767912E-26	5.559596693216151E-27
51.59999996173917	2.649766692871716E-26	2.657001239336303E-26	5.306767932208019E-26	5.54765114205319E-27
51.6999999614867	2.649791005664682E-26	2.645134227866686E-26	5.294925233531368E-26	5.522873570156109E-27
51.79999996123422	2.6498153186807053E-26	2.637223033572063E-26	5.287038352252768E-26	5.5063554951612074E-27
51.820015961183685	2.6574259736759536E-26	2.640638864847716E-26	5.29806483852367E-26	5.513487535605734E-27
51.899999960981745	2.666572358512593E-26	2.6506725043747513E-26	5.317244862887344E-26	5.53443714252458E-27
51.99999996072927	2.6665968255050397E-26	2.66916197285917E-26	5.33575879836421E-26	5.573041987214481E-27
52.099999960476794	2.6666212927219317E-26	2.685472521994549E-26	5.35209381471648E-26	5.607097385656028E-27
52.19999996022432	2.6833768661837835E-26	2.695200021874709E-26	5.378576888058492E-26	5.627407792352256E-27
52.29999995997184	2.68340148736507E-26	2.685602651446033E-26	5.369004138811103E-26	5.607369087877862E-27
52.399999959719366	2.683426108772242E-26	2.674135307227561E-26	5.357561415999804E-26	5.583425996006863E-27
52.47596095952758	2.6910526850941654E-26	2.6741553995377857E-26	5.36520808463195E-26	5.5834679475457304E-27
52.49999995946689	2.700173878353663E-26	2.6790899141477706E-26	5.379263792501434E-26	5.5937709030670526E-27
52.599999959214415	2.700198653655045E-26	2.691514961340593E-26	5.391713614995638E-26	5.619713618378779E-27
52.69999995896194	2.700223429183729E-26	2.7113169067048056E-26	5.411540335888534E-26	5.661058832062971E-27
52.79999995870946	2.7002482049398115E-26	2.7216951405180477E-26	5.42194334545786E-26	5.682727930063202E-27
52.89999995845699	2.71700226820094E-26	2.725551736740304E-26	5.442554004941245E-26	5.690780259999073E-27
52.99999995820451	2.717027197910277E-26	2.713721618806144E-26	5.430748816716421E-26	5.6660797194760185E-27
53.099999957952036	2.7170521278483986E-26	2.704699477033142E-26	5.421751604881541E-26	5.647242056174416E-27
53.131904957871484	2.7246460211702087E-26	2.707655186884037E-26	5.432301208054245E-26	5.6534133920874036E-27
53.19999995769956	2.733803144895233E-26	2.716207009883586E-26	5.450010154778819E-26	5.6712690595051304E-27
53.299999957447085	2.733828228760167E-26	2.733962182074276E-26	5.467790410834443E-26	5.7083407398242025E-27
53.39999995719461	2.7338533128552737E-26	2.751603724028395E-26	5.485457036883668E-26	5.745175167373847E-27
53.49999995694213	2.750600845015678E-26	2.76318777416012E-26	5.513788619175798E-26	5.7693619339647024E-27
53.59999995668966	2.75062608300701E-26	2.754336658465156E-26	5.504962741472166E-26	5.750881362331621E-27
53.69999995643718	2.7506513212299287E-26	2.7423333330276857E-26	5.492984654257614E-26	5.7258191754591674E-27
53.78784995621538	2.758268354829308E-26	2.741164294072099E-26	5.499432648901407E-26	5.723378295871391E-27
53.799999956184706	2.767403539133361E-26	2.745763170730115E-26	5.513166709863476E-26	5.7329804605055055E-27
53.89999995593223	2.7674289312969346E-26	2.756456209879514E-26	5.523885141176449E-26	5.755306852203635E-27
53.999999955679755	2.767454323693433E-26	2.776470658248138E-26	5.543924981941571E-26	5.79709575876919E-27
54.09999995542728	2.767479716322924E-26	2.7888259269862404E-26	5.556305643309165E-26	5.822892781070405E-27
54.1999999551748	2.7842364163288334E-26	2.794026887083404E-26	5.578263303412238E-26	5.8337520580317244E-27
54.29999995492233	2.7842619629415654E-26	2.7823974081075276E-26	5.566659371049092E-26	5.809470439003863E-27
54.39999995466985	2.784287509788649E-26	2.772351759083135E-26	5.556639268871783E-26	5.788495757077292E-27
54.44379495455928	2.7919046803979635E-26	2.7746908056106743E-26	5.566595486008638E-26	5.793379538842313E-27
54.499999954417376	2.80103925223517E-26	2.7819452294364845E-26	5.582984481671654E-26	5.8085263185676304E-27
54.5999999541649	2.801064953021411E-26	2.7987181344866186E-26	5.59978308750803E-26	5.843547087018352E-27
54.699999953912425	2.801090654043458E-26	2.817484812414878E-26	5.618575466458336E-26	5.882730727561217E-27
54.79999995365995	2.817837005500252E-26	2.831040249565577E-26	5.648877255065828E-26	5.911033625979123E-27
54.89999995340747	2.8178628604133763E-26	2.8230812487287834E-26	5.64094410914216E-26	5.894415733933198E-27
54.999999953155	2.8178887155637734E-26	2.8106891614754793E-26	5.628577877039252E-26	5.868541836892921E-27
55.09973995290318	2.82552500397247E-26	2.808200444924857E-26	5.633725448897327E-26	5.863345553672137E-27
55.09999995290252	2.833058696444466E-26	2.8119398467822275E-26	5.644998543226694E-26	5.871153189089815E-27
55.199999952650046	2.8346669184112517E-26	2.821507128656599E-26	5.656174047067851E-26	5.891129070572029E-27
55.29999995239757	2.834692927746323E-26	2.841469789373594E-26	5.676162717119917E-26	5.932809847788797E-27
55.399999952145095	2.8347189373200454E-26	2.855675699024658E-26	5.690394636344703E-26	5.9624708916620424E-27
55.49999995189262	2.851476800036572E-26	2.8624132693186696E-26	5.713890069355242E-26	5.976538513851242E-27
55.59999995164014	2.8515029636098295E-26	2.8511515861216526E-26	5.702654549731483E-26	5.953024829223288E-27
55.69999995138767	2.8515291274231886E-26	2.840188294265928E-26	5.691717421689117E-26	5.930134166907294E-27
55.75568395124708	2.859140194687768E-26	2.841720309544127E-26	5.700860504231896E-26	5.933332918294368E-27
55.79999995113519	2.8682920474402823E-26	2.847921657857285E-26	5.716213705297567E-26	5.946280942730604E-27
55.899999950882716	2.868318365300955E-26	2.8634726631846967E-26	5.731791028485651E-26	5.978750461586354E-27
55.99999995063024	2.868344683403111E-26	2.8831402281970557E-26	5.751484911600166E-26	6.019815097575919E-27
56.099999950377764	2.885100433156566E-26	2.89875784847868E-26	5.783858281635246E-26	6.05242370437975E-27
56.19999995012529	2.885126905241685E-26	2.8918293776727656E-26	5.77695628291445E-26	6.037957494076918E-27
56.29999994987281	2.885153377569686E-26	2.8792071025782974E-26	5.764360480147983E-26	6.011602979332091E-27
56.39999994962034	2.8851798501405854E-26	2.871636063745181E-26	5.756815913885767E-26	5.9957951274938225E-27
56.41162894959098	2.8927823547282235E-26	2.8752528417508226E-26	5.768035196479047E-26	6.0033467320410446E-27
56.49999994936786	2.9019369772248207E-26	2.8867221441254975E-26	5.788659121350319E-26	6.027293912488771E-27
56.599999949115386	2.901963603792747E-26	2.9063674110625245E-26	5.808331014855272E-26	6.068311991503247E-27
56.69999994886291	2.901990230604989E-26	2.9222718302943716E-26	5.82426206089936E-26	6.101519416317094E-27
56.799999948610434	2.9187422456323647E-26	2.930715281312474E-26	5.849457526944839E-26	6.119148809925332E-27
56.89999994835796	2.918769026396116E-26	2.919983371710757E-26	5.838752398106874E-26	6.0967412591678995E-27
56.99999994810548	2.9187958074056225E-26	2.9082197790359663E-26	5.827015586441589E-26	6.072179619187141E-27
57.067573947934875	2.926415507493462E-26	2.9087784083813823E-26	5.835193915874844E-26	6.073346002103473E-27
57.09999994785301	2.935542180972634E-26	2.914150592151052E-26	5.849692773123687E-26	6.084562783239088E-27
57.19999994760053	2.9355691158833625E-26	2.928242628552073E-26	5.863811744435436E-26	6.113986066945881E-27
57.299999947348056	2.9355960510412286E-26	2.948558634733322E-26	5.88415468577455E-26	6.156404607224361E-27
57.39999994709558	2.9523544481538194E-26	2.966287878430101E-26	5.918642326583921E-26	6.193422150611917E-27
57.499999946843104	2.952381537324587E-26	2.960519658252058E-26	5.912901195576645E-26	6.181378470482129E-27
57.59999994659063	2.9524086267438916E-26	2.947838063092672E-26	5.900246689836563E-26	6.15490009917886E-27
57.69999994633815	2.9524357164117675E-26	2.939039038840151E-26	5.891474755251919E-26	6.1365282911901965E-27
57.72351894627877	2.9600511561622606E-26	2.942312997826295E-26	5.902364153988555E-26	6.143364111233753E-27
57.79999994608568	2.969181764608961E-26	2.9520852074597717E-26	5.921266972068732E-26	6.163767869015111E-27
57.8999999458332	2.96920900817786E-26	2.971133675303987E-26	5.940342683481847E-26	6.203539869146271E-27
57.999999945580726	2.9692362519967453E-26	2.9885473159633313E-26	5.957783567960077E-26	6.239898453168898E-27
58.09999994532825	2.9859814627863455E-26	2.9988482151528105E-26	5.984829677939157E-26	6.2614060814729415E-27
58.199999945075774	2.9860088604999794E-26	2.988819715073851E-26	5.97482857557383E-26	6.240467205457635E-27
58.2999999448233	2.9860362584650003E-26	2.9764033060500516E-26	5.962439564515051E-26	6.2145425260886784E-27
58.379462944622674	2.9936466105928905E-26	2.9758156756563446E-26	5.969462286249235E-26	6.2133155909234964E-27
58.39999994457082	3.0027862284214404E-26	2.980642218216615E-26	5.983428446638056E-26	6.223393107608077E-27
58.49999994431835	3.0028137803262926E-26	2.993059156472105E-26	5.995872936798397E-26	6.249318891979585E-27
58.59999994406587	3.002841332483936E-26	3.013762747631545E-26	6.016604080115481E-26	6.292546685264004E-27
58.699999943813395	3.0028688848944176E-26	3.025188802252492E-26	6.02805768714691E-26	6.316403567069006E-27
58.79999994356092	3.0196234784413425E-26	3.029129196792606E-26	6.048752675233948E-26	6.324630862600325E-27
58.899999943308444	3.019651184835498E-26	3.0165593261462627E-26	6.036210510981761E-26	6.298385765035641E-27
58.99999994305597	3.019678891483898E-26	3.006615869687595E-26	6.026294761171494E-26	6.277624454738717E-27
59.03540794296657	3.027283290427506E-26	3.009349424882851E-26	6.036632715310356E-26	6.283331945730661E-27
59.09999994280349	3.036428374446015E-26	3.017637746285464E-26	6.05406612073148E-26	6.3006374384234605E-27
59.19999994255102	3.036456235032616E-26	3.0358321627410425E-26	6.072288397773658E-26	6.338626233093293E-27
59.29999994229854	3.0364840958748256E-26	3.0545568946550686E-26	6.091040990529894E-26	6.377722293013354E-27
59.399999942046065	3.0532372881209616E-26	3.066848991905598E-26	6.12008628002656E-26	6.403387417352597E-27
59.49999994179359	3.0532653029368455E-26	3.057680759863937E-26	6.110946062800782E-26	6.3842447267704886E-27
59.599999941541114	3.053293318009773E-26	3.0447615193732084E-26	6.098054837382981E-26	6.357270166992667E-27
59.69135294131047	3.060918865088858E-26	3.042882591271297E-26	6.103801456360155E-26	6.353347083608716E-27
59.69999994128864	3.070037522464383E-26	3.0474263844242444E-26	6.117463906888627E-26	6.362834237353166E-27
59.79999994103616	3.070065691429906E-26	3.057971048255419E-26	6.128036739685324E-26	6.38485083074776E-27
59.89999994078369	3.070093860653938E-26	3.0787901908679177E-26	6.148884051521856E-26	6.42831988818529E-27
59.99999994053121	3.070122030136368E-26	3.09222200446173E-26	6.162344034598098E-26	6.456364668294128E-27
60.099999940278735	3.0868816362683266E-26	3.09765919996263E-26	6.184540836230956E-26	6.467717189878732E-27
60.19999994002626	3.086909959786097E-26	3.085383334895268E-26	6.172293294681365E-26	6.442085957428345E-27
60.299999939773784	3.086938283563761E-26	3.0744042228464804E-26	6.161342506410242E-26	6.419162263540376E-27
60.34729793965437	3.0945625327212304E-26	3.076427423238467E-26	6.170989955959698E-26	6.423386578479734E-27
60.39999993952131	3.1036881311933097E-26	3.083431637155426E-26	6.187119768348736E-26	6.438010935686178E-27
60.49999993926883	3.1037166089182134E-26	3.1005068261673E-26	6.204223435085513E-26	6.473662854006755E-27
60.59999993901636	3.103745086904419E-26	3.120308877694734E-26	6.224053964599153E-26	6.515008289373323E-27
60.69999993876388	3.120494074493081E-26	3.134682901158126E-26	6.255176975651206E-26	6.545020344410069E-27
60.799999938511405	3.120522706419961E-26	3.1265268501945526E-26	6.247049556614514E-26	6.527991024114823E-27
60.89999993825893	3.120551338609607E-26	3.1132702128708893E-26	6.233821551480495E-26	6.50031200101567E-27
60.999999938006454	3.1205799710619844E-26	3.106198759783334E-26	6.226778730845319E-26	6.485547252718576E-27
61.00324193799827	3.12817419522248E-26	3.1099470749029353E-26	6.238121270125416E-26	6.493373498465843E-27
61.09999993775398	3.137337123123868E-26	3.123019392760255E-26	6.260356515884123E-26	6.520667674196635E-27
61.1999999375015	3.137365909593279E-26	3.143684456264767E-26	6.281050365858046E-26	6.563815024171895E-27
61.29999993724903	3.1373946963268286E-26	3.158982113045782E-26	6.296376809372611E-26	6.595755567244153E-27
61.39999993699655	3.154153401225196E-26	3.1660979010360966E-26	6.320251302261293E-26	6.610612884135327E-27
61.499999936744075	3.154182341991467E-26	3.154283986903659E-26	6.308466328895126E-26	6.585946176116194E-27
61.5999999364916	3.1542112830232845E-26	3.142383617166159E-26	6.296594900189444E-26	6.561098954244003E-27
61.65918693634217	3.1618313573109055E-26	3.1435002210631894E-26	6.305331578374095E-26	6.563430352848361E-27
61.699999936239124	3.170968009509358E-26	3.149479144064914E-26	6.320447153574273E-26	6.575913967252832E-27
61.79999993598665	3.170997104557178E-26	3.165197722189439E-26	6.336194826746617E-26	6.608733367556885E-27
61.89999993573417	3.171026199871964E-26	3.185843011542248E-26	6.356869211414212E-26	6.651839430352037E-27
61.999999935481696	3.187783767088119E-26	3.2023783034486497E-26	6.390162070536769E-26	6.686364077662196E-27
62.09999993522922	3.187813016427998E-26	3.1953702286160224E-26	6.383183245044021E-26	6.671731659164711E-27
62.199999934976745	3.187842266036308E-26	3.18194224856683E-26	6.369784514603138E-26	6.643694883253276E-27
62.29999993472427	3.187871515912976E-26	3.1735262016878135E-26	6.36139771760079E-26	6.626122707874949E-27
62.315131934686065	3.195487992760726E-26	3.177053308325739E-26	6.372541301086465E-26	6.633487084255923E-27
62.39999993447179	3.2046296705891766E-26	3.18824056786695E-26	6.392870238456126E-26	6.656845377047665E-27
62.49999993421932	3.204659074497714E-26	3.2084738562440436E-26	6.413132930741758E-26	6.699091207776465E-27
62.59999993396684	3.204688478676115E-26	3.2254666786486656E-26	6.430155157324781E-26	6.734571149818379E-27
62.699999933714366	3.2214467845707405E-26	3.234427890239172E-26	6.455874674809913E-26	6.753281594859258E-27
62.79999993346189	3.2214763427838727E-26	3.223250239432556E-26	6.444726582216429E-26	6.729943364556036E-27
62.899999933209415	3.22150590126822E-26	3.2105655634072564E-26	6.432071464675476E-26	6.703458560591823E-27
62.97107693302996	3.229144375851015E-26	3.210608146951536E-26	6.439752522802551E-26	6.703547472399471E-27
62.99999993295694	3.2382639511613446E-26	3.2158101322119275E-26	6.454074083373272E-26	6.714408889773654E-27
63.09999993270446	3.238293663679484E-26	3.229936998466333E-26	6.468230662145817E-26	6.74390489602827E-27
63.19999993245199	3.238323376470279E-26	3.2511629694535844E-26	6.489486345923864E-26	6.788223385475618E-27
63.29999993219951	3.255074567525051E-26	3.269891863527121E-26	6.524966431052172E-26	6.827328135837744E-27
63.399999931947036	3.255104434288125E-26	3.2641570204809477E-26	6.519261454769073E-26	6.815354145051636E-27
63.49999993169456	3.255134301325243E-26	3.2507319658284343E-26	6.505866267153677E-26	6.787323477182178E-27
63.599999931442085	3.2551641686363747E-26	3.24104656568527E-26	6.496210734321645E-26	6.767100972200539E-27
63.62702093137386	3.262766064408249E-26	3.2441399371565844E-26	6.506906001564834E-26	6.773559736893289E-27
63.69999993118961	3.2719208778062686E-26	3.253640431584512E-26	6.52556130939078E-26	6.793396170453661E-27
63.79999993093713	3.2719508991417114E-26	3.273168215869411E-26	6.545119115011123E-26	6.834168953111775E-27
63.89999993068466	3.2719809207526855E-26	3.291662070516336E-26	6.563642991269021E-26	6.872782955860657E-27
63.99999993043218	3.2887364097809425E-26	3.302609895526765E-26	6.591346305307708E-26	6.895641324495984E-27
64.0999999301797	3.2887665854064376E-26	3.292234878004869E-26	6.581001463411307E-26	6.873978941896035E-27
64.19999992992723	3.288796761308786E-26	3.278913455699755E-26	6.567710217008541E-26	6.84616465183492E-27
64.28296592971776	3.296422941576702E-26	3.277694646498118E-26	6.574117588074821E-26	6.843619855099528E-27
64.29999992967475	3.3055569980086827E-26	3.2824157378476676E-26	6.58797273585635E-26	6.853477196300592E-27
64.39999992942228	3.3055873279705886E-26	3.294738615389791E-26	6.60032594336038E-26	6.879206587839669E-27
64.4999999291698	3.305617658210742E-26	3.316277571776748E-26	6.62189522998749E-26	6.92417857107526E-27
64.59999992891733	3.305647988729265E-26	3.3287611445086114E-26	6.634409133237877E-26	6.950243484042752E-27
64.69999992866485	3.322409704649151E-26	3.3328732984454415E-26	6.655283003094593E-26	6.958829402359771E-27
64.79999992841238	3.3224401892421833E-26	3.3196372101790995E-26	6.642077399421283E-26	6.931193284391408E-27
64.8999999281599	3.322470674114909E-26	3.30878212715948E-26	6.631252801274388E-26	6.908528555292975E-27
64.93891092806166	3.330093684479847E-26	3.3112636030804014E-26	6.641357287560248E-26	6.91370972064669E-27
64.99999992790742	3.339230138085358E-26	3.319270212461265E-26	6.658500350546622E-26	6.93042701639534E-27
65.09999992765495	3.3392607770133455E-26	3.3378197532661546E-26	6.677080530279501E-26	6.969157288332777E-27
65.19999992740247	3.339291416222479E-26	3.357593611877761E-26	6.69688502810024E-26	7.010443858677636E-27
65.29999992715	3.356048351221863E-26	3.370646736593193E-26	6.726695087815055E-26	7.037697960389787E-27
65.39999992689752	3.3560791444644756E-26	3.3612397375702885E-26	6.717318882034764E-26	7.018056739395802E-27
65.49999992664505	3.3561099379896857E-26	3.3474487357924774E-26	6.703558673782163E-26	6.989261996993666E-27
65.59485592640556	3.363763019040179E-26	3.3448283480544095E-26	6.708591367094589E-26	6.983790792621157E-27
65.59485592640556	3.363763019040179E-26	3.3448283480544095E-26	6.708591367094589E-26	6.983790792621157E-27

#Absolute change in energy: 6.691870828798502E-26J
#Percentage change: 40021.86239640555%
#Absolute change in angular momentum: 6.966340987235465E-27kgm^2s^-1
#Percentage change: 39922.17009450216%