# EMSIM OUTPUT FILE 
# PARAMETERS OF SIMULATION RUN 
# ---------------------------- 
# Mode               : 1 
# Magnetic field?      true
# Failing field?       true
# Point charge?        false
# Electric field?      true
# Magnetic strength  : 1.0E-7T 
# Electric strength  : 1.0E-7NC^-1 
# Phase              : 1.5707963267948966
# Algorithm          : 3
# Time-step          : 1.0E-6s 
# Number of Turns    : 100.0
# Number of particles: 10
# Spread in x        : 1.0E-4m 
# Spread in y        : 1.0E-4m 
# Spread in z        : 1.0E-4m 
# ----------------------------- 
Turn Num 	 deltaV 
1.0	0.12360146215555336
2.0	0.07639509660194035
3.0	0.06056867586442177
4.0	0.051764584394450475
5.0	0.045952675999152814
6.0	0.04175616145254135
7.0	0.03852583743055693
8.0	0.035960084235667766
9.0	0.033832901453603625
10.0	0.03204949506530963
11.0	0.030522720665124625
12.0	0.029196078914552226
13.0	0.028026476667483147
14.0	0.026992848223881816
15.0	0.026047306579746854
16.0	0.02522146590684715
17.0	0.024454984402916602
18.0	0.023760317165618217
19.0	0.023115436146162516
20.0	0.02251555375320935
21.0	0.02197312460044798
22.0	0.021468034399629188
23.0	0.02099262211199937
24.0	0.02054497291734325
25.0	0.0201193405662905
26.0	0.019733925933461238
27.0	0.019358077558187414
28.0	0.019008080004194516
29.0	0.018663818680952904
30.0	0.01836265145817384
31.0	0.018059558766619688
32.0	0.01777274060990064
33.0	0.01749166069878849
34.0	0.017244098263845764
35.0	0.016995569949278533
36.0	0.01675469702831167
37.0	0.016511900889931486
38.0	0.01630645492107341
39.0	0.016094297167599914
40.0	0.01589171170964976
41.0	0.0156862463456946
42.0	0.01551142722519061
43.0	0.015327023649010174
44.0	0.01515027747948472
45.0	0.01498023102694046
46.0	0.014806347910007345
47.0	0.014660238342087739
48.0	0.014507418838461072
49.0	0.014356510466178918
50.0	0.01420368170014985
51.0	0.014070006233066534
52.0	0.013935368514911284
53.0	0.013803600396224525
54.0	0.013668954556984803
55.0	0.0135505889736518
56.0	0.013430303695739498
57.0	0.01331097269243875
58.0	0.013185890744546347
59.0	0.013083794486436151
60.0	0.012974031769077854
61.0	0.01285756056240861
62.0	0.012765991050360137
63.0	0.012661008139450924
64.0	0.012561769356743024
65.0	0.01245678018335905
66.0	0.012372861679734948
67.0	0.012279361433694014
68.0	0.012188732049721818
69.0	0.012094268341476644
70.0	0.012015128246441353
71.0	0.011927364495191606
72.0	0.011848219054638287
73.0	0.011756618704161781
74.0	0.011686089380087417
75.0	0.011607894503881555
76.0	0.011533528814750893
77.0	0.011447666262688783
78.0	0.011382874899184436
79.0	0.01131616549136627
80.0	0.01124274887751886
81.0	0.011161666982704377
82.0	0.011102614256053966
83.0	0.011039727918370934
84.0	0.010968218727192669
85.0	0.010901496811181133
86.0	0.010846267760074468
87.0	0.010780500063782394
88.0	0.010719519782855347
89.0	0.010646085148805273
90.0	0.010599469379646065
91.0	0.010540399417339197
92.0	0.010485159185611215
93.0	0.010418422658063475
94.0	0.01037658944724984
95.0	0.010321344292550272
96.0	0.010267055363132771
97.0	0.010203185912237567
98.0	0.010161346229849988
99.0	0.010113757644697019
100.0	0.010062336090812085
